1.009999999999999960e-02 1.865912623465134402e+03
1.024030120514262711e-02 1.372570899095320840e+02
1.038255136356886973e-02 3.472024007550811575e+01
1.052677754859500554e-02 1.356930461805075616e+01
1.067300720961839380e-02 6.639045482661114939e+00
1.082126817734170056e-02 3.727119480005733898e+00
1.097158866906968420e-02 2.296056595375575604e+00
1.112399729407955763e-02 1.512391591103567468e+00
1.127852305906595909e-02 1.047792964339759214e+00
1.143519537366158821e-02 7.551540980056711261e-01
1.159404405603447520e-02 5.617841939297311127e-01
1.175509933856302980e-02 4.289484494411442417e-01
1.191839187358992823e-02 3.347168209252523452e-01
1.208395273925594315e-02 2.660391526907235904e-01
1.225181344541477479e-02 2.148187692201558030e-01
1.242200593963005938e-02 1.758510278344103117e-01
1.259456261325569981e-02 1.456867097003897715e-01
1.276951630760065313e-02 1.219785007075460392e-01
1.294690032017935082e-02 1.030913350093916464e-01
1.312674841104892291e-02 8.786256042575005254e-02
1.330909480923448893e-02 7.545011840519673385e-02
1.349397421924370191e-02 6.523401001564713142e-02
1.368142182767177056e-02 5.675090025998113380e-02
1.387147330989821001e-02 4.964983330910524573e-02
1.406416483687667439e-02 4.366169200491513969e-02
1.425953308201908382e-02 3.857778370781939081e-02
1.445761522817537101e-02 3.423459597384682224e-02
1.465844897471016949e-02 3.050279245406767314e-02
1.486207254467784497e-02 2.727916723336265559e-02
1.506852469209719360e-02 2.448069223665919059e-02
1.527784470932716694e-02 2.204006465256232866e-02
1.549007243454504634e-02 1.990234227815252527e-02
1.570524825932853585e-02 1.802237672019229783e-02
1.592341313634318065e-02 1.636283782178636972e-02
1.614460858713654204e-02 1.489268046317070507e-02
1.636887671004063488e-02 1.358594536965122140e-02
1.659626018818417467e-02 1.242081432061743242e-02
1.682680229761613494e-02 1.137886053374640577e-02
1.706054691554211022e-02 1.044445016670865999e-02
1.729753852867507713e-02 9.604261420156749024e-03
1.753782224170221532e-02 8.846895921643223998e-03
1.778144378586934277e-02 8.162562944280365648e-03
1.802844952768452996e-02 7.542821458973312382e-03
1.827888647774267294e-02 6.980368379426710353e-03
1.853280229967262799e-02 6.468863903433513807e-03
1.879024531920867741e-02 6.002786801179760962e-03
1.905126453338795017e-02 5.577313986640549184e-03
1.931590961987561181e-02 5.188219930260831031e-03
1.958423094641963125e-02 4.831792230195230617e-03
1.985627958043687663e-02 4.504760568160396349e-03
2.013210729873235461e-02 4.204236658224039594e-03
2.041176659735343193e-02 3.927663328057082875e-03
2.069531070158102393e-02 3.672771201583885890e-03
2.098279357605952952e-02 3.437541728759976097e-03
2.127426993506747327e-02 3.220175536934807414e-03
2.156979525293080055e-02 3.019065257164417829e-03
2.186942577458088691e-02 2.832772127776050919e-03
2.217321852625919396e-02 2.660005794248905802e-03
2.248123132637058763e-02 2.499606823520121156e-03
2.279352279648742471e-02 2.350531529238869630e-03
2.311015237250654483e-02 2.211838770589376856e-03
2.343118031596123571e-02 2.082678440607135546e-03
2.375666772549030886e-02 1.962281405096395846e-03
2.408667654846648187e-02 1.849950689818366436e-03
2.442126959278632936e-02 1.745053744590010624e-03
2.476051053882404041e-02 1.647015638788082263e-03
2.510446395155115432e-02 1.555313063974859489e-03
2.545319529282465479e-02 1.469469037780426948e-03
2.580677093384583370e-02 1.389048218192446898e-03
2.616525816779219707e-02 1.313652750444733270e-03
2.652872522262480007e-02 1.242918579248354985e-03
2.689724127407350923e-02 1.176512168858549539e-03
2.727087645880266892e-02 1.114127580836451548e-03
2.764970188775966661e-02 1.055483866342550939e-03
2.803378965970888814e-02 1.000322735448664745e-03
2.842321287495366139e-02 9.484064708113783271e-04
2.881804564924884959e-02 8.995160573721446310e-04
2.921836312790675183e-02 8.534495032227021631e-04
2.962424150009886417e-02 8.100203300077955587e-04
3.003575801335630832e-02 7.690562138769164524e-04
3.045299098827177267e-02 7.303977603045018994e-04
3.087601983340563724e-02 6.938973982280716808e-04
3.130492506039916217e-02 6.594183805180156913e-04
3.173978829929755691e-02 6.268338795062076974e-04
3.218069231408599712e-02 5.960261674975745553e-04
3.262772101844146899e-02 5.668858735150366073e-04
3.308095949170333783e-02 5.393113081524248016e-04
3.354049399506577045e-02 5.132078499423619418e-04
3.400641198799515125e-02 4.884873867625836707e-04
3.447880214487557965e-02 4.650678069251253490e-04
3.495775437188551604e-02 4.428725349928635657e-04
3.544335982410884434e-02 4.218301079830032814e-04
3.593571092288371654e-02 4.018737880468588536e-04
3.643490137339239210e-02 3.829412081414068116e-04
3.694102618249534703e-02 3.649740475719815162e-04
3.745418167681312943e-02 3.479177346095123770e-04
3.797446552105943757e-02 3.317211736731595032e-04
3.850197673662891784e-02 3.163364948266060832e-04
3.903681572044303411e-02 3.017188235487312450e-04
3.957908426405778307e-02 2.878260689853653041e-04
4.012888557303687792e-02 2.746187289960509356e-04
4.068632428659406386e-02 2.620597105437021969e-04
4.125150649750822934e-02 2.501141640748706175e-04
4.182453977231510855e-02 2.387493306747987551e-04
4.240553317177960663e-02 2.279344009411175224e-04
4.299459727165250850e-02 2.176403844866717588e-04
4.359184418371537389e-02 2.078399892949956416e-04
4.419738757711785121e-02 1.985075100280545143e-04
4.481134270001144865e-02 1.896187245667058281e-04
4.543382640148380808e-02 1.811507981147937216e-04
4.606495715379759631e-02 1.730821942482874522e-04
4.670485507493833677e-02 1.653925923512885622e-04
4.735364195147551830e-02 1.580628109293590825e-04
4.801144126174130417e-02 1.510747363249012089e-04
4.867837819933110155e-02 1.444112564826682983e-04
4.935457969693059915e-02 1.380561991613712947e-04
5.004017445047388019e-02 1.319942745956802297e-04
5.073529294363711417e-02 1.262110219230762169e-04
5.144006747267243496e-02 1.206927593031379456e-04
5.215463217158670950e-02 1.154265373694921139e-04
5.287912303767026978e-02 1.104000957872311065e-04
5.361367795738020831e-02 1.056018226812131995e-04
5.435843673258311526e-02 1.010207167253374236e-04
5.511354110716240595e-02 9.664635169617680232e-05
5.587913479399533173e-02 9.246884332949114325e-05
5.665536350230471196e-02 8.847881827483481515e-05
5.744237496539057741e-02 8.466738504912238233e-05
5.824031896874692915e-02 8.102610681464484993e-05
5.904934737856931681e-02 7.754697586260715875e-05
5.986961417065830848e-02 7.422238968576208823e-05
6.070127545972441724e-02 7.104512852869413874e-05
6.154448952910007709e-02 6.800833431490295369e-05
6.239941686086448308e-02 6.510549085712601699e-05
6.326622016638688839e-02 6.233040526434075715e-05
6.414506441729413144e-02 5.967719046531327827e-05
6.503611687686819409e-02 5.714024877446769243e-05
6.593954713188020234e-02 5.471425643128225997e-05
6.685552712486651783e-02 5.239414904975859920e-05
6.778423118685311666e-02 5.017510791672290070e-05
6.872583607053452115e-02 4.805254708912545352e-05
6.968052098391377958e-02 4.602210123246344605e-05
7.064846762440973871e-02 4.407961415801676328e-05
7.162986021343793752e-02 4.222112801272692544e-05
7.262488553147194992e-02 4.044287308102365974e-05
7.363373295359182391e-02 3.874125815927339166e-05
7.465659448552640354e-02 3.711286147386012928e-05
7.569366480019611154e-02 3.555442209368992785e-05
7.674514127476342318e-02 3.406283182675049262e-05
7.781122402819810879e-02 3.263512755798505719e-05
7.889211595936435062e-02 3.126848400532527932e-05
7.998802278563672818e-02 2.996020686966567909e-05
8.109915308205267737e-02 2.870772635453319296e-05
8.222571832100894484e-02 2.750859103367378285e-05
8.336793291250950422e-02 2.636046204606840642e-05
8.452601424497238614e-02 2.526110759921596248e-05
8.570018272660336056e-02 2.420839776111286798e-05
8.689066182734452026e-02 2.320029953562767019e-05
8.809767812140557874e-02 2.223487217109987226e-05
8.932146133038586233e-02 2.131026274498983537e-05
9.056224436699517044e-02 2.042470195254613780e-05
9.182026337938234417e-02 1.957650012302263634e-05
9.309575779607943968e-02 1.876404343711066418e-05
9.438897037157016612e-02 1.798579033786869901e-05
9.570014723249130328e-02 1.724026812363051059e-05
9.702953792447598091e-02 1.652606971298031642e-05
9.837739545964786780e-02 1.584185057229193727e-05
9.974397636477477791e-02 1.518632579732504303e-05
1.011295407300912136e-01 1.455826733912588203e-05
1.025343522587993383e-01 1.395650137047685309e-05
1.039586783172575662e-01 1.337990577743474611e-05
1.054027899858661077e-01 1.282740777906589297e-05
1.068669621106594358e-01 1.229798166116549340e-05
1.083514733556155685e-01 1.179064662116535000e-05
1.098566062556919909e-01 1.130446471767151899e-05
1.113826472705982396e-01 1.083853891920681740e-05
1.129298868393152216e-01 1.039201124699098717e-05
1.144986194353722758e-01 9.964061006884150173e-06
1.160891436228920492e-01 9.553903105893904211e-06
1.177017621134135994e-01 9.160786448309013284e-06
1.193367818235050032e-01 8.783992411530719280e-06
1.209945139331763259e-01 8.422833385216939048e-06
1.226752739451041352e-01 8.076651390987053591e-06
1.243793817446784411e-01 7.744816758065930465e-06
1.261071616608837598e-01 7.426726864884546783e-06
1.278589425280261260e-01 7.121804938341671133e-06
1.296350577483176003e-01 6.829498909175285596e-06
1.314358453553298167e-01 6.549280320364698395e-06
1.332616480783291590e-01 6.280643285996695042e-06
1.351128134075056109e-01 6.023103498115620598e-06
1.369896936601079640e-01 5.776197279210097037e-06
1.388926460474973479e-01 5.539480677928134833e-06
1.408220327431322916e-01 5.312528606998885802e-06
1.427782209514981970e-01 5.094934018642818035e-06
1.447615829779947683e-01 4.886307119272090921e-06
1.467724962997935534e-01 4.686274618783013738e-06
1.488113436376800325e-01 4.494479014024532846e-06
1.508785130288938792e-01 4.310577904542386712e-06
1.529743979009811072e-01 4.134243339085683242e-06
1.550993971466718135e-01 3.965161191420104728e-06
1.572539151997979223e-01 3.803030564065724426e-06
1.594383621122660299e-01 3.647563218646625170e-06
1.616531536320994222e-01 3.498483031371522211e-06
1.638987112825638082e-01 3.355525474098860786e-06
1.661754624423923132e-01 3.218437114947243429e-06
1.684838404271250811e-01 3.086975145570318073e-06
1.708242845715788882e-01 2.960906925909171203e-06
1.731972403134620642e-01 2.840009550252998617e-06
1.756031592781508444e-01 2.724069432339629683e-06
1.780424993646436138e-01 2.612881908468789982e-06
1.805157248327094455e-01 2.506250858085558667e-06
1.830233063912465319e-01 2.403988340925780577e-06
1.855657212878684126e-01 2.305914249988579499e-06
1.881434533997345948e-01 2.211855979618129103e-06
1.907569933256433314e-01 2.121648108011482553e-06
1.934068384794029871e-01 2.035132093429109070e-06
1.960934931845006446e-01 1.952155983907412227e-06
1.988174687700860754e-01 1.872574138867011563e-06
2.015792836682889777e-01 1.796246963365669261e-06
2.043794635128879100e-01 1.723040653511519427e-06
2.072185412393495463e-01 1.652826952885026841e-06
2.100970571862582348e-01 1.585482919429938976e-06
2.130155591981544028e-01 1.520890702346785096e-06
2.159746027298011795e-01 1.458937328546240968e-06
2.189747509518994162e-01 1.399514498239714534e-06
2.220165748582714760e-01 1.342518386535686137e-06
2.251006533745341931e-01 1.287849388812497069e-06
2.282275734682807922e-01 1.235412046784275568e-06
2.313979302607934996e-01 1.185114873642340392e-06
2.346123271403081911e-01 1.136870160335363041e-06
2.378713758768528641e-01 1.090593817450370280e-06
2.411756967386804174e-01 1.046205224318669606e-06
2.445259186103190818e-01 1.003627084340560401e-06
2.479226791122631779e-01 9.627852864576280854e-07
2.513666247223264594e-01 9.236087724725563880e-07
2.548584108986807206e-01 8.860294099765092659e-07
2.583987022046035364e-01 8.499818706452902387e-07
2.619881724349596430e-01 8.154035136756033195e-07
2.656275047444387472e-01 7.822342741408057045e-07
2.693173917775748549e-01 7.504165560292956598e-07
2.730585358005712671e-01 7.198951299204677325e-07
2.768516488349574978e-01 6.906170347115406706e-07
2.806974527931027641e-01 6.625314837419749978e-07
2.845966796156116363e-01 6.355897747231827177e-07
2.885500714106276066e-01 6.097452034862727543e-07
2.925583805950733307e-01 5.849529813462355376e-07
2.966223700378519124e-01 5.611701559301568115e-07
3.007428132050374847e-01 5.383555353212328652e-07
3.049204943070822349e-01 5.164696153768901138e-07
3.091562084480692363e-01 4.954745100852954012e-07
3.134507617770384003e-01 4.753338847991261031e-07
3.178049716414140802e-01 4.560128924412220302e-07
3.222196667425635819e-01 4.374781119167315833e-07
3.266956872935177780e-01 4.196974896814393591e-07
3.312338851788820260e-01 4.026402833129662118e-07
3.358351241169684198e-01 3.862770075846413415e-07
3.405002798241799078e-01 3.705793827789282245e-07
3.452302401816783051e-01 3.555202851218933066e-07
3.500259054043681761e-01 3.410736992872971585e-07
3.548881882122268960e-01 3.272146728678280662e-07
3.598180140040150299e-01 3.139192727331340687e-07
3.648163210334001705e-01 3.011645431951637434e-07
3.698840605875273746e-01 2.889284659050111059e-07
3.750221971680699484e-01 2.771899214083709824e-07
3.802317086747944996e-01 2.659286522803561332e-07
3.855135865916770044e-01 2.551252278296661574e-07
3.908688361756045837e-01 2.447610101714063684e-07
3.962984766476971288e-01 2.348181217849333298e-07
4.018035413872872996e-01 2.252794143687647749e-07
4.073850781285953682e-01 2.161284389872560641e-07
4.130441491601364312e-01 2.073494174472274834e-07
4.187818315268967972e-01 1.989272148533515753e-07
4.245992172353187377e-01 1.908473132931972903e-07
4.304974134611336822e-01 1.830957866049494802e-07
4.364775427600822155e-01 1.756592761828221820e-07
4.425407432815608444e-01 1.685249677751440646e-07
4.486881689852359467e-01 1.616805692453910054e-07
4.549209898606682567e-01 1.551142892275012024e-07
4.612403921499879100e-01 1.488148166778046520e-07
4.676475785736614599e-01 1.427713012518147509e-07
4.741437685593958840e-01 1.369733344975202986e-07
4.807301984742226031e-01 1.314109318106344583e-07
4.874081218598054766e-01 1.260745151344730018e-07
4.941788096710170719e-01 1.209548963678873268e-07
5.010435505178284510e-01 1.160432614531552643e-07
5.080036509105602116e-01 1.113311551157157774e-07
5.150604355085409702e-01 1.068104662287352763e-07
5.222152473722178057e-01 1.024734137769456922e-07
5.294694482187702889e-01 9.831253339140299454e-08
5.368244186812746177e-01 9.432066445026167139e-08
5.442815585714699811e-01 9.049093768421678622e-08
5.518422871461715618e-01 8.681676330101611009e-08
5.595080433773867989e-01 8.329181959978506974e-08
5.672802862261828727e-01 7.991004204392657182e-08
5.751604949203598105e-01 7.666561278257878425e-08
5.831501692359795097e-01 7.355295060027546874e-08
5.912508297828049653e-01 7.056670127714665231e-08
5.994640182937064354e-01 6.770172834287339063e-08
6.077912979180873920e-01 6.495310420822104649e-08
6.162342535193855442e-01 6.231610165449152829e-08
6.247944919767063343e-01 5.978618569524942045e-08
6.334736424906475261e-01 5.735900570833358772e-08
6.422733568933729487e-01 5.503038797132233145e-08
6.511953099629911312e-01 5.279632843978657736e-08
6.602411997423016654e-01 5.065298584385271791e-08
6.694127478619708027e-01 4.859667506507603980e-08
6.787116998681956836e-01 4.662386078024513672e-08
6.881398255549195930e-01 4.473115136595246904e-08
6.976989193006616352e-01 4.291529305141697271e-08
7.073908004100271096e-01 4.117316430963931957e-08
7.172173134599610922e-01 3.950177047713023607e-08
7.271803286508118358e-01 3.789823859295814485e-08
7.372817421622696044e-01 3.635981244809387141e-08
7.475234765142518834e-01 3.488384783521585570e-08
7.579074809328019136e-01 3.346780799780652612e-08
7.684357317210680494e-01 3.210925925364819137e-08
7.791102326354368834e-01 3.080586680712427030e-08
7.899330152668926353e-01 2.955539072690634841e-08
8.009061394276740797e-01 2.835568208860041107e-08
8.120316935433012917e-01 2.720467927427054019e-08
8.233117950500475901e-01 2.610040442270191433e-08
8.347485907979347308e-01 2.504096002417823405e-08
8.463442574593266210e-01 2.402452565384571179e-08
8.581010019431968283e-01 2.304935483806362651e-08
8.700210618151502651e-01 2.211377204682138941e-08
8.821067057232822028e-01 2.121616981719556695e-08
8.943602338299523336e-01 2.035500597242570719e-08
9.067839782495550338e-01 1.952880098263753367e-08
9.193803034923709872e-01 1.873613541113252091e-08
9.321516069145862060e-01 1.797564747459225091e-08
9.451003191745616094e-01 1.724603069909570554e-08
9.582289046954404199e-01 1.654603167290672134e-08
9.715398621341803098e-01 1.587444789017228624e-08
9.850357248571037783e-01 1.523012568237013426e-08
9.987190614220533558e-01 1.461195823388753199e-08
1.012592476067245117e+00 1.401888367819397949e-08
1.026658609206907435e+00 1.344988327201711567e-08
1.040920137933816436e+00 1.290397964257777643e-08
1.055379776528800884e+00 1.238023510682842511e-08
1.070040276977330285e+00 1.187775006054403598e-08
1.084904429493278810e+00 1.139566142901257701e-08
1.099975063049959845e+00 1.093314118455138268e-08
1.115255045918548626e+00 1.048939492244398153e-08
1.130747286213972247e+00 1.006366049512010683e-08
1.146454732448385361e+00 9.655206701844845183e-09
1.162380374092343294e+00 9.263332031687636476e-09
1.178527242143758480e+00 8.887363457550845089e-09
1.194898409704766795e+00 8.526655279242757990e-09
1.211496992566608144e+00 8.180588013549774257e-09
1.228326149802624112e+00 7.848567328918228307e-09
1.245389084369506350e+00 7.530023026447989330e-09
1.262689043716885173e+00 7.224408054795923785e-09
1.280229320405386950e+00 6.931197575140144934e-09
1.298013252733287937e+00 6.649888057027301186e-09
1.316044225371860277e+00 6.379996408285595622e-09
1.334325670009550047e+00 6.121059157588963249e-09
1.352861066005103918e+00 5.872631646902753640e-09
1.371653941049762793e+00 5.634287268098063233e-09
1.390707871838665177e+00 5.405616732634081702e-09
1.410026484751567555e+00 5.186227369577686513e-09
1.429613456543019634e+00 4.975742448442396552e-09
1.449472515042138587e+00 4.773800532587627627e-09
1.469607439862091525e+00 4.580054858228465598e-09
1.490022063119440077e+00 4.394172738615345295e-09
1.510720270163476986e+00 4.215834992403323647e-09
1.531706000315687932e+00 4.044735395663965567e-09
1.552983247619498020e+00 3.880580155152317267e-09
1.574556061600422829e+00 3.723087404010610647e-09
1.596428548036775918e+00 3.571986717436403558e-09
1.618604869741097740e+00 3.427018648118293151e-09
1.641089247352424341e+00 3.287934280543318156e-09
1.663885960139567910e+00 3.154494803403970862e-09
1.686999346815557521e+00 3.026471099366883541e-09
1.710433806363383713e+00 2.903643351475712906e-09
1.734193798873232328e+00 2.785800665519167091e-09
1.758283846391331506e+00 2.672740708479979601e-09
1.782708533780590354e+00 2.564269359339324558e-09
1.807472509593210264e+00 2.460200377478423324e-09
1.832580486955397658e+00 2.360355080982459276e-09
1.858037244464378235e+00 2.264562041733062367e-09
1.883847627097868793e+00 2.172656791235832436e-09
1.910016547136176301e+00 2.084481533943237203e-09
1.936548985097123143e+00 1.999884880884286421e-09
1.963449990683942437e+00 1.918721587898173787e-09
1.990724683746341928e+00 1.840852305803956212e-09
2.018378255254934306e+00 1.766143341966705507e-09
2.046415968289185816e+00 1.694466430083334167e-09
2.074843159039095219e+00 1.625698510090208245e-09
2.103665237820792289e+00 1.559721516748538523e-09
2.132887690106228362e+00 1.496422176977941624e-09
2.162516077567196326e+00 1.435691815366889087e-09
2.192556039133830570e+00 1.377426167363870067e-09
2.223013292067812507e+00 1.321525200372765847e-09
2.253893633050504608e+00 1.267892941913421701e-09
2.285202939286175461e+00 1.216437314887399751e-09
2.316947169620563685e+00 1.167069979350774369e-09
2.349132365674978296e+00 1.119706180888577055e-09
2.381764652996141152e+00 1.074264605057284025e-09
2.414850242222029042e+00 1.030667237753050749e-09
2.448395430263884176e+00 9.888392311871207620e-10
2.482406601504648425e+00 9.487087756764887227e-10
2.516890229014065561e+00 9.102069757050388860e-10
2.551852875780637131e+00 8.732677322596904926e-10
2.587301195960706401e+00 8.378276289930296963e-10
2.623241936144891540e+00 8.038258234342012986e-10
2.659681936642099842e+00 7.712039424840134110e-10
2.696628132781402787e+00 7.399059822020852396e-10
2.734087556231973970e+00 7.098782116390208725e-10
2.772067336341360377e+00 6.810690805756152835e-10
2.810574701492370320e+00 6.534291310211027038e-10
2.849616980478781869e+00 6.269109122803502953e-10
2.889201603900174220e+00 6.014688994927599786e-10
2.929336105576137772e+00 5.770594154524484084e-10
2.970028123980111623e+00 5.536405556308266026e-10
3.011285403693171325e+00 5.311721162020306894e-10
3.053115796877981403e+00 5.096155250769762536e-10
3.095527264773225706e+00 4.889337755913253119e-10
3.138527879208823812e+00 4.690913630225686641e-10
3.182125824142163051e+00 4.500542236101749755e-10
3.226329397215689454e+00 4.317896760997909750e-10
3.271147011336132948e+00 4.142663655889694983e-10
3.316587196275653238e+00 3.974542097228989880e-10
3.362658600295264755e+00 3.813243470394146812e-10
3.409369991790777377e+00 3.658490874147272450e-10
3.456730260961604184e+00 3.510018645036075317e-10
3.504748421502781763e+00 3.367571902386562137e-10
3.553433612320460622e+00 3.230906108466888360e-10
3.602795099271240531e+00 3.099786650908092806e-10
3.652842276925670095e+00 2.973988438737121711e-10
3.703584670356224962e+00 2.853295516231264171e-10
3.755031936950159022e+00 2.737500692113205218e-10
3.807193868247504831e+00 2.626405183838084299e-10
3.860080391804607824e+00 2.519818276326035309e-10
3.913701573083578911e+00 2.417556994550601073e-10
3.968067617367956768e+00 2.319445789384368917e-10
4.023188871705001723e+00 2.225316236218792888e-10
4.079075826874967170e+00 2.135006745825588010e-10
4.135739119387710439e+00 2.048362286974054425e-10
4.193189533507077016e+00 1.965234120117099457e-10
4.251438003303366742e+00 1.885479542243810962e-10
4.310495614734319858e+00 1.808961641875054814e-10
4.370373607755035472e+00 1.735549063815764643e-10
4.431083378457169708e+00 1.665115783818123488e-10
4.492636481237862967e+00 1.597540892192571906e-10
4.555044630998797750e+00 1.532708386177765157e-10
4.618319705375785844e+00 1.470506970981631847e-10
4.682473746999366249e+00 1.410829868436464930e-10
4.747518965786768241e+00 1.353574633876960901e-10
4.813467741265714750e+00 1.298642980227385916e-10
4.880332624930539431e+00 1.245940609157894639e-10
4.948126342630997598e+00 1.195377049651086121e-10
5.016861796994275480e+00 1.146865501841820699e-10
5.086552069880646343e+00 1.100322688823344285e-10
5.157210424873218457e+00 1.055668713291868906e-10
5.228850309802309582e+00 1.012826920434113057e-10
5.301485359304855649e+00 9.717237663823710321e-11
5.375129397419356359e+00 9.322886919150288157e-11
5.449796440216929660e+00 8.944540013449321443e-11
5.525500698468852612e+00 8.581547463123480430e-11
5.602256580351189896e+00 8.233286142783642962e-11
5.680078694186985189e+00 7.899158215497659057e-11
5.758981851226528725e+00 7.578590106576557277e-11
5.838981068466289948e+00 7.271031518951334142e-11
5.920091571506969075e+00 6.975954488134264951e-11
6.002328797451239595e+00 6.692852476284549934e-11
6.085708397841803396e+00 6.421239502891691272e-11
6.170246241640199969e+00 6.160649309541195482e-11
6.255958418247018926e+00 5.910634560319418414e-11
6.342861240564076297e+00 5.670766073550119029e-11
6.430971248099085713e+00 5.440632085063423108e-11
6.520305210113528815e+00 5.219837541329500635e-11
6.610880128814195622e+00 5.008003421645449992e-11
6.702713242589053877e+00 4.804766086770628907e-11
6.795822029288131283e+00 4.609776655170087015e-11
6.890224209549907108e+00 4.422700403703057013e-11
6.985937750173941474e+00 4.243216194443374487e-11
7.082980867540361380e+00 4.071015920514799310e-11
7.181372031076803886e+00 3.905803980092059844e-11
7.281129966773598028e+00 3.747296767387585093e-11
7.382273660747706856e+00 3.595222186337607668e-11
7.484822362856179190e+00 3.449319183134362086e-11
7.588795590359861620e+00 3.309337298473797576e-11
7.694213131637934744e+00 3.175036237334849532e-11
7.801095049954074767e+00 3.046185456571320380e-11
7.909461687274947472e+00 2.922563769184679508e-11
8.019333668141690907e+00 2.803958964537719601e-11
8.130731903595265209e+00 2.690167444169444846e-11
8.243677595156265525e+00 2.580993872106922344e-11
8.358192238859997403e+00 2.476250839851229381e-11
8.474297629347699257e+00 2.375758544321592763e-11
8.592015864014509674e+00 2.279344479257553157e-11
8.711369347215082826e+00 2.186843139561301243e-11
8.832380794527647794e+00 2.098095736430414027e-11
8.955073237077233017e+00 2.012949925347249066e-11
9.079470025919055942e+00 1.931259544240711501e-11
9.205594836482706711e+00 1.852884362708139333e-11
9.333471673078079789e+00 1.777689841480654447e-11
9.463124873463961251e+00 1.705546901034279380e-11
9.594579113480016019e+00 1.636331700316179215e-11
9.727859411743136064e+00 1.569925423989092779e-11
9.862991134409046623e+00 1.506214078997652819e-11
1.000000000000000000e+01 1.445088297759828660e-11
