1.000000000000000021e-03 1.973269601999999924e+104
1.018591388054116949e-03 1.973269601999999924e+104
1.037528415818012636e-03 1.973269601999999924e+104
1.056817509213658478e-03 1.973269601999999924e+104
1.076465213629834933e-03 1.973269601999999924e+104
1.096478196143185150e-03 1.973269601999999924e+104
1.116863247780561100e-03 1.973269601999999924e+104
1.137627285823430891e-03 1.973269601999999924e+104
1.158777356155126165e-03 1.973269601999999924e+104
1.180320635651729714e-03 1.973269601999999924e+104
1.202264434617413003e-03 1.973269601999999924e+104
1.224616199265048892e-03 1.973269601999999924e+104
1.247383514242943279e-03 1.973269601999999924e+104
1.270574105208541974e-03 1.973269601999999924e+104
1.294195841449986232e-03 1.973269601999999924e+104
1.318256738556407509e-03 1.973269601999999924e+104
1.342764961137864156e-03 1.973269601999999924e+104
1.367728825595849410e-03 1.973269601999999924e+104
1.393156802945303557e-03 1.973269601999999924e+104
1.419057521689092577e-03 1.973269601999999924e+104
1.445439770745927987e-03 1.973269601999999924e+104
1.472312502432719271e-03 1.973269601999999924e+104
1.499684835502374143e-03 1.973269601999999924e+104
1.527566058238073168e-03 1.973269601999999924e+104
1.555965631605074964e-03 1.973269601999999924e+104
1.584893192461114082e-03 1.973269601999999924e+104
1.614358556826487028e-03 1.973269601999999924e+104
1.644371723214932326e-03 1.973269601999999924e+104
1.674942876026438250e-03 1.973269601999999924e+104
1.706082389003124242e-03 1.973269601999999924e+104
1.737800828749376265e-03 1.973269601999999924e+104
1.770108958317422000e-03 1.973269601999999924e+104
1.803017740859569947e-03 1.973269601999999924e+104
1.836538343348347339e-03 1.973269601999999924e+104
1.870682140365801695e-03 1.973269601999999924e+104
1.905460717963248195e-03 1.973269601999999924e+104
1.940885877592779312e-03 1.973269601999999924e+104
1.976969640111860081e-03 1.973269601999999924e+104
2.013724249862387447e-03 1.973269601999999924e+104
2.051162178825564637e-03 1.973269601999999924e+104
2.089296130854038577e-03 1.973269601999999924e+104
2.128139045982711374e-03 1.973269601999999924e+104
2.167704104819694055e-03 1.973269601999999924e+104
2.208004733018899008e-03 1.973269601999999924e+104
2.249054605835780311e-03 1.973269601999999924e+104
2.290867652767772378e-03 1.973269601999999924e+104
2.333458062281002030e-03 1.973269601999999924e+104
2.376840286624876033e-03 1.973269601999999924e+104
2.421029046736177751e-03 1.973269601999999924e+104
2.466039337234338710e-03 1.973269601999999924e+104
2.511886431509579437e-03 1.973269601999999924e+104
2.558585886905645219e-03 1.973269601999999924e+104
2.606153549998894894e-03 1.973269601999999924e+104
2.654605561975539006e-03 1.973269601999999924e+104
2.703958364108843566e-03 1.973269601999999924e+104
2.754228703338165978e-03 1.973269601999999924e+104
2.805433637951713129e-03 1.973269601999999924e+104
2.857590543374946730e-03 1.973269601999999924e+104
2.910717118066605269e-03 1.973269601999999924e+104
2.964831389524342272e-03 1.973269601999999924e+104
3.019951720402016138e-03 1.973269601999999924e+104
3.076096814740708011e-03 1.973269601999999924e+104
3.133285724315585784e-03 1.973269601999999924e+104
3.191537855100761399e-03 1.973269601999999924e+104
3.250872973854343657e-03 1.973269601999999924e+104
3.311311214825910908e-03 1.973269601999999924e+104
3.372873086588689100e-03 1.973269601999999924e+104
3.435579478998746286e-03 1.973269601999999924e+104
3.499451670283573214e-03 1.973269601999999924e+104
3.564511334262442620e-03 1.973269601999999924e+104
3.630780547701014001e-03 1.973269601999999924e+104
3.698281797802662786e-03 1.973269601999999924e+104
3.767037989839089156e-03 1.973269601999999924e+104
3.837072454922788207e-03 1.973269601999999924e+104
3.908408957924020856e-03 1.973269601999999924e+104
3.981071705534973415e-03 1.973269601999999924e+104
4.055085354483838923e-03 1.973269601999999924e+104
4.130475019901614850e-03 1.973269601999999924e+104
4.207266283844442178e-03 1.973269601999999924e+104
4.285485203974396737e-03 1.973269601999999924e+104
4.365158322401660983e-03 1.973269601999999924e+104
4.446312674691088596e-03 1.973269601999999924e+104
4.528975799036208914e-03 1.973269601999999924e+104
4.613175745603795459e-03 1.973269601999999924e+104
4.698941086052155734e-03 1.973269601999999924e+104
4.786300923226385375e-03 1.973269601999999924e+104
4.875284901033865269e-03 1.973269601999999924e+104
4.965923214503362680e-03 1.973269601999999924e+104
5.058246620031137293e-03 1.973269601999999924e+104
5.152286445817561532e-03 1.973269601999999924e+104
5.248074602497722861e-03 1.973269601999999924e+104
5.345643593969713440e-03 1.973269601999999924e+104
5.445026528424209283e-03 1.973269601999999924e+104
5.546257129579105008e-03 1.973269601999999924e+104
5.649369748123022304e-03 1.973269601999999924e+104
5.754399373371566623e-03 1.973269601999999924e+104
5.861381645140284653e-03 1.973269601999999924e+104
5.970352865838366233e-03 1.973269601999999924e+104
6.081350012787175956e-03 1.973269601999999924e+104
6.194410750767811655e-03 1.973269601999999924e+104
6.309573444801930275e-03 1.973269601999999924e+104
6.426877173170193573e-03 1.973269601999999924e+104
6.546361740672746767e-03 1.973269601999999924e+104
6.668067692136218742e-03 1.973269601999999924e+104
6.792036326171843434e-03 1.973269601999999924e+104
6.918309709189362708e-03 1.973269601999999924e+104
7.046930689671467365e-03 1.973269601999999924e+104
7.177942912713615280e-03 1.973269601999999924e+104
7.311390834834172354e-03 1.973269601999999924e+104
7.447319739059888796e-03 1.973269601999999924e+104
7.585775750291835935e-03 1.973269601999999924e+104
7.726805850957021646e-03 1.973269601999999924e+104
7.870457896950984814e-03 1.973269601999999924e+104
8.016780633876788992e-03 1.973269601999999924e+104
8.165823713585922128e-03 1.973269601999999924e+104
8.317637711026708985e-03 1.973269601999999924e+104
8.472274141405963452e-03 1.973269601999999924e+104
8.629785477669701596e-03 1.973269601999999924e+104
8.790225168308843026e-03 1.973269601999999924e+104
8.953647655495937385e-03 1.973269601999999924e+104
9.120108393559096804e-03 1.973269601999999924e+104
9.289663867799363706e-03 1.973269601999999924e+104
9.462371613657928962e-03 1.973269601999999924e+104
9.638290236239705627e-03 1.973269601999999924e+104
9.817479430199843246e-03 1.973269601999999924e+104
1.000000000000000021e-02 1.973269601999999924e+104
1.018591388054116906e-02 1.973269601999999924e+104
1.037528415818012723e-02 1.973269601999999924e+104
1.056817509213658565e-02 1.973269601999999924e+104
1.076465213629834890e-02 1.973269601999999924e+104
1.096478196143185063e-02 1.973269601999999924e+104
1.116863247780561230e-02 1.973269601999999924e+104
1.137627285823430978e-02 1.973269601999999924e+104
1.158777356155126122e-02 1.973269601999999924e+104
1.180320635651729844e-02 1.973269601999999924e+104
1.202264434617413176e-02 1.973269601999999924e+104
1.224616199265048978e-02 1.973269601999999924e+104
1.247383514242943192e-02 1.973269601999999924e+104
1.270574105208541887e-02 1.973269601999999924e+104
1.294195841449986319e-02 1.973269601999999924e+104
1.318256738556407466e-02 1.973269601999999924e+104
1.342764961137864199e-02 1.973269601999999924e+104
1.367728825595849497e-02 1.973269601999999924e+104
1.393156802945303557e-02 1.973269601999999924e+104
1.419057521689092577e-02 1.973269601999999924e+104
1.445439770745927249e-02 1.973269601999999924e+104
1.472312502432718620e-02 1.973269601999999924e+104
1.499684835502373276e-02 1.973269601999999924e+104
1.527566058238072344e-02 1.973269601999999924e+104
1.555965631605074270e-02 1.973269601999999924e+104
1.584893192461113431e-02 1.973269601999999924e+104
1.614358556826486074e-02 1.973269601999999924e+104
1.644371723214931372e-02 1.973269601999999924e+104
1.674942876026437252e-02 1.973269601999999924e+104
1.706082389003123548e-02 1.973269601999999924e+104
1.737800828749375484e-02 1.973269601999999924e+104
1.770108958317421002e-02 1.973269601999999924e+104
1.803017740859568993e-02 1.973269601999999924e+104
1.836538343348346342e-02 1.973269601999999924e+104
1.870682140365800480e-02 1.973269601999999924e+104
1.905460717963247327e-02 1.973269601999999924e+104
1.940885877592778141e-02 1.973269601999999924e+104
1.976969640111861035e-02 1.973269601999999924e+104
2.013724249862388488e-02 1.973269601999999924e+104
2.051162178825565591e-02 1.973269601999999924e+104
2.089296130854039618e-02 1.973269601999999924e+104
2.128139045982712155e-02 1.973269601999999924e+104
2.167704104819695096e-02 6.447635568455079794e+08
2.208004733018900309e-02 2.673113182522789389e+07
2.249054605835781526e-02 5.705968965126807801e+06
2.290867652767773419e-02 2.017067741013732040e+06
2.333458062281003331e-02 9.146966290684601991e+05
2.376840286624877160e-02 4.813825975537099876e+05
2.421029046736178705e-02 2.797305676099584089e+05
2.466039337234339837e-02 1.744609228878106514e+05
2.511886431509580825e-02 1.147281068394204631e+05
2.558585886905645132e-02 7.861818772909701511e+04
2.606153549998894980e-02 5.567573778243297420e+04
2.654605561975538833e-02 4.050288087459845701e+04
2.703958364108843479e-02 3.013163636654685979e+04
2.754228703338166065e-02 2.284379038116612355e+04
2.805433637951713216e-02 1.760098107149556017e+04
2.857590543374946557e-02 1.375245599967110502e+04
2.910717118066605269e-02 1.087745750734974536e+04
2.964831389524342359e-02 8.696474276322513106e+03
3.019951720402016052e-02 7.019374101422831700e+03
3.076096814740707924e-02 5.714089699075488170e+03
3.133285724315585524e-02 4.687164039628743012e+03
3.191537855100761573e-02 3.871352533319811300e+03
3.250872973854343484e-02 3.217540763470782167e+03
3.311311214825911342e-02 2.689366817297411217e+03
3.372873086588688840e-02 2.259576455808462924e+03
3.435579478998746633e-02 1.907510943130096848e+03
3.499451670283573040e-02 1.617348830477852971e+03
3.564511334262442793e-02 1.376858029222144523e+03
3.630780547701013827e-02 1.176498568943944292e+03
3.698281797802662613e-02 1.008769767930145917e+03
3.767037989839089329e-02 8.677299755391967437e+02
3.837072454922788034e-02 7.486396374408006977e+02
3.908408957924021376e-02 6.476934806875218555e+02
3.981071705534973415e-02 5.618177761739261769e+02
4.055085354483839444e-02 4.885155867662954279e+02
4.130475019901614503e-02 4.257477219942028910e+02
4.207266283844442178e-02 3.718404902085485446e+02
4.285485203974396390e-02 3.254137240665054946e+02
4.365158322401661156e-02 2.853242598972740325e+02
4.446312674691088596e-02 2.506212814289547453e+02
4.528975799036209088e-02 2.205108336071068322e+02
4.613175745603795286e-02 1.943274693357615774e+02
4.698941086052153132e-02 1.715114780937284991e+02
4.786300923226382426e-02 1.515905077078447789e+02
4.875284901033862667e-02 1.341646625487390736e+02
4.965923214503360078e-02 1.188943669595171428e+02
5.058246620031139895e-02 1.054904390621890116e+02
5.152286445817564481e-02 9.370593971990304283e+01
5.248074602497725810e-02 8.332945351580652016e+01
5.345643593969716389e-02 7.417952988046027940e+01
5.445026528424212059e-02 6.610006795669701773e+01
5.546257129579107437e-02 5.895647216196073970e+01
5.649369748123025253e-02 5.263243949252381526e+01
5.754399373371569398e-02 4.702726652505596405e+01
5.861381645140287949e-02 4.205358541357099256e+01
5.970352865838369355e-02 3.763545517854831957e+01
6.081350012787179599e-02 3.370674818008772888e+01
6.194410750767814777e-02 3.020978258273485650e+01
6.309573444801933051e-02 2.709416041767781991e+01
6.426877173170197910e-02 2.431577796506315892e+01
6.546361740672750062e-02 2.183598095690062735e+01
6.668067692136221691e-02 1.962084180718095894e+01
6.792036326171846383e-02 1.764053992205149157e+01
6.918309709189365830e-02 1.586882929594212044e+01
7.046930689671471182e-02 1.428258019242595722e+01
7.177942912713618229e-02 1.286138384711690996e+01
7.311390834834176344e-02 1.158721089866053156e+01
7.447319739059891919e-02 1.044411572082755058e+01
7.585775750291839925e-02 9.417980048681680927e+00
7.726805850957024768e-02 8.496290308899453692e+00
7.870457896950988630e-02 7.667943914438716924e+00
8.016780633876793849e-02 6.923080496044084597e+00
8.165823713585926291e-02 6.252894289895944979e+00
8.317637711026708291e-02 5.649671394098105814e+00
8.472274141405963799e-02 5.106420955227121361e+00
8.629785477669701943e-02 4.616952595534413284e+00
8.790225168308841985e-02 4.175744389437993753e+00
8.953647655495937385e-02 3.777866826161964564e+00
9.120108393559096804e-02 3.418915933373532834e+00
9.289663867799362318e-02 3.094954388942131818e+00
9.462371613657930003e-02 2.802459607682500131e+00
9.638290236239704933e-02 2.538277926567060305e+00
9.817479430199843593e-02 2.299584128934471838e+00
1.000000000000000056e-01 2.083845648660941574e+00
1.018591388054116975e-01 1.888790881602028238e+00
1.037528415818012584e-01 1.712381105940478765e+00
1.056817509213658496e-01 1.552785577178047438e+00
1.076465213629834994e-01 1.408359418861278689e+00
1.096478196143185063e-01 1.277623978008152417e+00
1.116863247780561230e-01 1.159249355669008885e+00
1.137627285823430978e-01 1.052038859022070172e+00
1.158777356155126226e-01 9.549151526400643242e-01
1.180320635651729844e-01 8.669079137330445439e-01
1.202264434617413141e-01 7.871428198282525157e-01
1.224616199265048944e-01 7.148317179749085204e-01
1.247383514242943192e-01 6.492638425695225202e-01
1.270574105208542026e-01 5.897979646348435745e-01
1.294195841449986284e-01 5.358553691577949696e-01
1.318256738556407293e-01 4.869135691561093937e-01
1.342764961137864199e-01 4.425006757253693856e-01
1.367728825595849462e-01 4.021903526059820710e-01
1.393156802945303419e-01 3.655972919756060868e-01
1.419057521689092716e-01 3.323731553553999074e-01
1.445439770745927943e-01 3.022029298437052813e-01
1.472312502432719383e-01 2.748016554678509027e-01
1.499684835502373970e-01 2.499114843650629969e-01
1.527566058238073177e-01 2.272990368492057711e-01
1.555965631605074895e-01 2.067530232617678654e-01
1.584893192461114264e-01 1.880821039043447107e-01
1.614358556826487046e-01 1.711129623593611870e-01
1.644371723214932413e-01 1.556885701741368977e-01
1.674942876026438154e-01 1.416666232484902477e-01
1.706082389003124311e-01 1.289181323670629264e-01
1.737800828749376247e-01 1.173261521833232207e-01
1.770108958317422043e-01 1.067846346211121789e-01
1.803017740859569895e-01 9.719739413558915742e-02
1.836538343348347313e-01 8.847717358970505486e-02
1.870682140365801660e-01 8.054480067303133872e-02
1.905460717963248229e-01 7.332842583386658952e-02
1.940885877592779252e-01 6.676283362701466995e-02
1.976969640111861937e-01 6.078882021090869364e-02
2.013724249862389459e-01 5.535263047078902571e-02
2.051162178825564619e-01 5.040544890852340781e-02
2.089296130854038647e-01 4.590293903355778526e-02
2.128139045982711253e-01 4.180482652093563123e-02
2.167704104819694055e-01 3.807452187830221574e-02
2.208004733018899268e-01 3.467877879004784003e-02
2.249054605835780485e-01 3.158738468911014008e-02
2.290867652767772378e-01 2.877288044963131897e-02
2.333458062281001943e-01 2.621030640136173470e-02
2.376840286624875842e-01 2.387697214277495483e-02
2.421029046736177526e-01 2.175224787802227180e-02
2.466039337234338658e-01 1.981737522567117438e-02
2.511886431509579576e-01 1.805529564764183151e-02
2.558585886905645479e-01 1.645049482699712309e-02
2.606153549998895258e-01 1.498886148542518185e-02
2.654605561975538763e-01 1.365755927733126179e-02
2.703958364108843271e-01 1.244491052886202882e-02
2.754228703338166273e-01 1.134029070876313786e-02
2.805433637951713077e-01 1.033403262466852691e-02
2.857590543374946557e-01 9.417339434740955306e-03
2.910717118066605269e-01 8.582205651401464755e-03
2.964831389524342220e-01 7.821345392230448154e-03
3.019951720402015982e-01 7.128127203850012118e-03
3.076096814740708063e-01 6.496514848435087051e-03
3.133285724315585385e-01 5.921013500169472824e-03
3.191537855100761711e-01 5.396620851058998858e-03
3.250872973854344039e-01 4.918782672600465790e-03
3.311311214825911065e-01 4.483352422359969391e-03
3.372873086588689118e-01 4.086554523005885182e-03
3.435579478998746494e-01 3.724950976155958025e-03
3.499451670283573179e-01 3.395411004884796649e-03
3.564511334262442932e-01 3.095083447251946191e-03
3.630780547701014105e-01 2.821371649003247880e-03
3.698281797802662751e-01 2.571910626968562739e-03
3.767037989839089329e-01 2.344546295828686070e-03
3.837072454922788589e-01 2.137316570096543539e-03
3.908408957924021099e-01 1.948434170520688472e-03
3.981071705534973137e-01 1.776270979857169077e-03
4.055085354483839444e-01 1.619343807223063000e-03
4.130475019901614364e-01 1.476301433178279230e-03
4.207266283844441901e-01 1.345912819409275348e-03
4.285485203974396251e-01 1.227056377530460259e-03
4.365158322401661017e-01 1.118710201164601009e-03
4.446312674691088040e-01 1.019943174222897112e-03
4.528975799036208949e-01 9.299068762498723410e-04
4.613175745603795286e-01 8.478282129105087911e-04
4.698941086052155769e-01 7.730027062435887398e-04
4.786300923226385340e-01 7.047883852500891290e-04
4.875284901033865026e-01 6.426002227822457833e-04
4.965923214503362715e-01 5.859050696013175024e-04
5.058246620031142671e-01 5.342170409252006450e-04
5.152286445817566563e-01 4.870933148312053969e-04
5.248074602497728725e-01 4.441303055557485548e-04
5.345643593969718887e-01 4.049601780711523319e-04
5.445026528424214973e-01 3.692476733559918521e-04
5.546257129579110767e-01 3.366872165331076441e-04
5.649369748123028723e-01 3.070002825579487538e-04
5.754399373371572590e-01 2.799329964192009902e-04
5.861381645140291141e-01 2.552539468866054100e-04
5.970352865838371992e-01 2.327521947257517689e-04
6.081350012787182235e-01 2.122354580139876475e-04
6.194410750767818108e-01 1.935284587503948979e-04
6.309573444801935826e-01 1.764714163706815428e-04
6.426877173170200130e-01 1.609186750684469635e-04
6.546361740672747009e-01 1.467374529970135453e-04
6.668067692136219193e-01 1.338067024945393320e-04
6.792036326171843053e-01 1.220160714461033657e-04
6.918309709189363055e-01 1.112649567809570987e-04
7.046930689671466741e-01 1.014616419073955880e-04
7.177942912713615176e-01 9.252251062031056688e-05
7.311390834834172736e-01 8.437133068261763681e-05
7.447319739059888866e-01 7.693860088875864632e-05
7.585775750291835484e-01 7.016095597051628160e-05
7.726805850957021438e-01 6.398062420830312263e-05
7.870457896950984189e-01 5.834493306873534264e-05
8.016780633876789963e-01 5.320585860612141871e-05
8.165823713585922405e-01 4.851961474493991745e-05
8.317637711026708569e-01 4.424627890595552370e-05
8.472274141405963244e-01 4.034945075332037334e-05
8.629785477669701388e-01 3.679594112650455025e-05
8.790225168308842818e-01 3.355548848198099972e-05
8.953647655495937663e-01 3.060050040722774495e-05
9.120108393559096527e-01 2.790581798615663115e-05
9.289663867799362595e-01 2.544850099226867774e-05
9.462371613657929448e-01 2.320763206548460037e-05
9.638290236239704933e-01 2.116413819224759535e-05
9.817479430199843593e-01 1.930062795754848348e-05
1.000000000000000000e+00 1.760124317336610029e-05
1.018591388054116864e+00 1.605152361172263744e-05
1.037528415818012695e+00 1.463828368328834472e-05
1.056817509213658468e+00 1.334950000519938791e-05
1.076465213629834938e+00 1.217420889531588995e-05
1.096478196143185091e+00 1.110241291542342769e-05
1.116863247780561119e+00 1.012499566360068494e-05
1.137627285823431089e+00 9.233644086767945516e-06
1.158777356155126226e+00 8.420777648958828736e-06
1.180320635651729733e+00 7.679483749652476403e-06
1.202264434617413169e+00 7.003458840099632814e-06
1.224616199265048833e+00 6.386954734397532382e-06
1.247383514242943248e+00 5.824729656587932671e-06
1.270574105208541971e+00 5.312003605608488539e-06
1.294195841449986339e+00 4.844417656895094694e-06
1.318256738556407459e+00 4.417996853139420996e-06
1.342764961137864255e+00 4.029116367404417435e-06
1.367728825595849518e+00 3.674470649801847418e-06
1.393156802945303641e+00 3.351045294455001915e-06
1.419057521689092605e+00 3.056091386713684275e-06
1.445439770745927888e+00 2.787102111808013631e-06
1.472312502432719272e+00 2.541791425435739668e-06
1.499684835502373970e+00 2.318074604404330836e-06
1.527566058238073232e+00 2.114050511502086358e-06
1.555965631605074950e+00 1.927985423419384820e-06
1.584893192461114042e+00 1.758298283872661392e-06
1.614358556826486879e+00 1.603547256264642191e-06
1.644371723214932413e+00 1.462417461293084084e-06
1.674942876026438210e+00 1.333709795038151946e-06
1.706082389003124256e+00 1.216330732273404866e-06
1.737800828749376247e+00 1.109283028150150106e-06
1.770108958317422099e+00 1.011657239064909178e-06
1.803017740859569784e+00 9.226239905069524552e-07
1.836538343348347313e+00 8.414269260488684582e-07
1.870682140365801605e+00 7.673762774514750999e-07
1.905460717963248340e+00 6.998430011457483032e-07
1.940885877592779307e+00 6.382534311831182988e-07
1.976969640111861937e+00 5.820844031442430064e-07
2.013724249862389293e+00 5.308588075099307125e-07
2.051162178825566951e+00 4.841415346550932155e-07
2.089296130854040978e+00 4.415357769627031829e-07
2.128139045982713196e+00 4.026796565962999976e-07
2.167704104819693889e+00 3.672431502418733185e-07
2.208004733018899213e+00 3.349252846585505812e-07
2.249054605835780318e+00 3.054515791839652686e-07
2.290867652767772267e+00 2.785717134408504792e-07
2.333458062281001943e+00 2.540574004097535960e-07
2.376840286624875898e+00 2.317004467791796195e-07
2.421029046736177470e+00 2.113109840793555789e-07
2.466039337234338547e+00 1.927158555584228487e-07
2.511886431509579687e+00 1.757571450849745041e-07
2.558585886905645257e+00 1.602908355697788402e-07
2.606153549998894814e+00 1.461855855004621241e-07
2.654605561975539096e+00 1.333216131885178299e-07
2.703958364108843160e+00 1.215896792436604283e-07
2.754228703338166273e+00 1.108901586261081196e-07
2.805433637951713077e+00 1.011321943893696614e-07
2.857590543374946446e+00 9.223292592057407690e-08
2.910717118066604936e+00 8.411678511906898217e-08
2.964831389524342331e+00 7.671485453158009877e-08
3.019951720402016093e+00 6.996428198904184964e-08
3.076096814740707952e+00 6.380774677060645130e-08
3.133285724315585608e+00 5.819297275843611475e-08
3.191537855100761600e+00 5.307228444621465861e-08
3.250872973854343595e+00 4.840220202877331592e-08
3.311311214825911176e+00 4.414307213229988598e-08
3.372873086588688896e+00 4.025873104761917353e-08
3.435579478998746605e+00 3.671619760523459030e-08
3.499451670283573179e+00 3.348539308279173454e-08
3.564511334262442599e+00 3.053888576532762582e-08
3.630780547701013994e+00 2.785165798821839410e-08
3.698281797802662751e+00 2.540089368374699397e-08
3.767037989839089107e+00 2.316578462650311955e-08
3.837072454922788367e+00 2.112735373168076247e-08
3.908408957924021099e+00 1.926829390523204337e-08
3.981071705534973137e+00 1.757282107701572340e-08
4.055085354483838778e+00 1.602654016855354534e-08
4.130475019901614253e+00 1.461632285690700725e-08
4.207266283844441901e+00 1.333019609641731092e-08
4.285485203974396029e+00 1.215724045144688843e-08
4.365158322401661017e+00 1.108749736985871806e-08
4.446312674691088596e+00 1.011186172656793657e-08
4.528975799036208727e+00 9.221641264529692570e-09
4.613175745603795619e+00 8.408226346984154186e-09
4.698941086052156102e+00 7.663920267151826800e-09
4.786300923226384896e+00 6.982113524041777725e-09
4.875284901033865026e+00 6.356961346987279534e-09
4.965923214503362715e+00 5.784126711972072600e-09
5.058246620031142449e+00 5.258894534579873169e-09
5.152286445817567007e+00 4.777193338969969174e-09
5.248074602497728058e+00 4.337146665961404307e-09
5.345643593969719554e+00 3.933499482811792325e-09
5.445026528424214085e+00 3.565963459606528862e-09
5.546257129579109879e+00 3.229693260276394839e-09
5.649369748123028501e+00 2.923168273373647748e-09
5.754399373371572146e+00 2.644431182254574253e-09
5.861381645140290253e+00 2.390545071959180529e-09
5.970352865838371770e+00 2.159347437340578104e-09
6.081350012787182457e+00 1.950594671942439594e-09
6.194410750767818108e+00 1.760506038493786711e-09
6.309573444801936049e+00 1.588788208716493145e-09
6.426877173170200130e+00 1.433135162916391124e-09
6.546361740672753449e+00 1.292008516343364135e-09
6.668067692136225411e+00 1.164785086149817439e-09
6.792036326171849936e+00 1.049873403940297867e-09
6.918309709189363055e+00 9.460158778247208084e-10
7.046930689671467185e+00 8.521539320073098150e-10
7.177942912713614732e+00 7.677024186155547076e-10
7.311390834834172736e+00 6.915353264328067205e-10
7.447319739059888200e+00 6.230258342382492955e-10
7.585775750291835706e+00 5.609089227503295525e-10
7.726805850957020994e+00 5.051745878850830135e-10
7.870457896950984633e+00 4.550710322700400772e-10
8.016780633876789963e+00 4.096158820738485824e-10
8.165823713585922405e+00 3.689791241924222051e-10
8.317637711026709013e+00 3.324104777998760298e-10
8.472274141405963022e+00 2.991851528500156790e-10
8.629785477669701166e+00 2.693717347576793485e-10
8.790225168308841930e+00 2.427098305110270126e-10
8.953647655495936775e+00 2.185859451308611328e-10
9.120108393559096527e+00 1.969486298932160234e-10
9.289663867799362151e+00 1.773963447704946607e-10
9.462371613657929004e+00 1.597961012206920441e-10
9.638290236239704711e+00 1.439883888711696238e-10
9.817479430199844259e+00 1.297455030709300781e-10
1.000000000000000000e+01 1.168698357958859348e-10
