1.000000000000000021e-03 1.542874112849145895e-03
1.018591388054116949e-03 1.459924820887143664e-03
1.037528415818012636e-03 1.381435118323707254e-03
1.056817509213658478e-03 1.307165244973639787e-03
1.076465213629834933e-03 1.236888330839891297e-03
1.096478196143185150e-03 1.170389703100406867e-03
1.116863247780561100e-03 1.107466230353483343e-03
1.137627285823430891e-03 1.047925702118146290e-03
1.158777356155126165e-03 9.915862416945324734e-04
1.180320635651729714e-03 9.382757505904131988e-04
1.202264434617413003e-03 8.878313828170331231e-04
1.224616199265048892e-03 8.400990474482599151e-04
1.247383514242943279e-03 7.949329379235432324e-04
1.270574105208541974e-03 7.521950866569408365e-04
1.294195841449986232e-03 7.117549435915613209e-04
1.318256738556407509e-03 6.734889774121469597e-04
1.342764961137864156e-03 6.372802981976240884e-04
1.367728825595849410e-03 6.030183003608665824e-04
1.393156802945303557e-03 5.705983247850889744e-04
1.419057521689092577e-03 5.399213391247205569e-04
1.445439770745927987e-03 5.108936352941956163e-04
1.472312502432719271e-03 4.834265432206288145e-04
1.499684835502374143e-03 4.574361599859677542e-04
1.527566058238073168e-03 4.328430935311875448e-04
1.555965631605074964e-03 4.095722201397383353e-04
1.584893192461114082e-03 3.875524549593128911e-04
1.614358556826487028e-03 3.667165348610455398e-04
1.644371723214932326e-03 3.470008129728178949e-04
1.674942876026438250e-03 3.283450642590177724e-04
1.706082389003124242e-03 3.106923015529219011e-04
1.737800828749376265e-03 2.939886014796430744e-04
1.770108958317422000e-03 2.781829397379968652e-04
1.803017740859569947e-03 2.632270352380741154e-04
1.836538343348347339e-03 2.490752026184081319e-04
1.870682140365801695e-03 2.356842126922526468e-04
1.905460717963248195e-03 2.230131603966489123e-04
1.940885877592779312e-03 2.110233398409389885e-04
1.976969640111860081e-03 1.996781260730197622e-04
2.013724249862387447e-03 1.889428632021753960e-04
2.051162178825564637e-03 1.787847585367517765e-04
2.089296130854038577e-03 1.691727824132855946e-04
2.128139045982711374e-03 1.600775734110986383e-04
2.167704104819694055e-03 1.514713486628418710e-04
2.208004733018899008e-03 1.433278189869773619e-04
2.249054605835780311e-03 1.356221085829862271e-04
2.290867652767772378e-03 1.283306790440092132e-04
2.333458062281002030e-03 1.214312574547475539e-04
2.376840286624876033e-03 1.149027683550593246e-04
2.421029046736177751e-03 1.087252693613622895e-04
2.466039337234338710e-03 1.028798902492269459e-04
2.511886431509579437e-03 9.734877531105338544e-05
2.558585886905645219e-03 9.211502881276690505e-05
2.606153549998894894e-03 8.716266338292097317e-05
2.654605561975539006e-03 8.247655117653717881e-05
2.703958364108843566e-03 7.804237766452703443e-05
2.754228703338165978e-03 7.384659790751940450e-05
2.805433637951713129e-03 6.987639518053214392e-05
2.857590543374946730e-03 6.611964182210083244e-05
2.910717118066605269e-03 6.256486218826788951e-05
2.964831389524342272e-03 5.920119759826869825e-05
3.019951720402016138e-03 5.601837316484139866e-05
3.076096814740708011e-03 5.300666640782931050e-05
3.133285724315585784e-03 5.015687755520783478e-05
3.191537855100761399e-03 4.746030144081142917e-05
3.250872973854343657e-03 4.490870091291806928e-05
3.311311214825910908e-03 4.249428167246534411e-05
3.372873086588689100e-03 4.020966846403178886e-05
3.435579478998746286e-03 3.804788254686510056e-05
3.499451670283573214e-03 3.600232037712479139e-05
3.564511334262442620e-03 3.406673343623228866e-05
3.630780547701014001e-03 3.223520914370564192e-05
3.698281797802662786e-03 3.050215279617271111e-05
3.767037989839089156e-03 2.886227047739618626e-05
3.837072454922788207e-03 2.731055288710304471e-05
3.908408957924020856e-03 2.584226003922289279e-05
3.981071705534973415e-03 2.445290678279094364e-05
4.055085354483838923e-03 2.313824910129043484e-05
4.130475019901614850e-03 2.189427114857950491e-05
4.207266283844442178e-03 2.071717298180499191e-05
4.285485203974396737e-03 1.960335895382728593e-05
4.365158322401660983e-03 1.854942672970406108e-05
4.446312674691088596e-03 1.755215689367803597e-05
4.528975799036208914e-03 1.660850311492098524e-05
4.613175745603795459e-03 1.571558284199771571e-05
4.698941086052155734e-03 1.487066849762088632e-05
4.786300923226385375e-03 1.407117914680051772e-05
4.875284901033865269e-03 1.331467261293796526e-05
4.965923214503362680e-03 1.259883801778133339e-05
5.058246620031137293e-03 1.192148872245293020e-05
5.152286445817561532e-03 1.128055564798814502e-05
5.248074602497722861e-03 1.067408095498116925e-05
5.345643593969713440e-03 1.010021206303008461e-05
5.445026528424209283e-03 9.557195991714084474e-06
5.546257129579105008e-03 9.043374005816029142e-06
5.649369748123022304e-03 8.557176548432602646e-06
5.754399373371566623e-03 8.097118446494832567e-06
5.861381645140284653e-03 7.661794374053825752e-06
5.970352865838366233e-03 7.249874559473134362e-06
6.081350012787175956e-03 6.860100723413921232e-06
6.194410750767811655e-03 6.491282235206566815e-06
6.309573444801930275e-03 6.142292475866117827e-06
6.426877173170193573e-03 5.812065396642004445e-06
6.546361740672746767e-03 5.499592262590886717e-06
6.668067692136218742e-03 5.203918571223281252e-06
6.792036326171843434e-03 4.924141136813050129e-06
6.918309709189362708e-03 4.659405331462519570e-06
7.046930689671467365e-03 4.408902474495696936e-06
7.177942912713615280e-03 4.171867362205441707e-06
7.311390834834172354e-03 3.947575930407891940e-06
7.447319739059888796e-03 3.735343042665078530e-06
7.585775750291835935e-03 3.534520397418891653e-06
7.726805850957021646e-03 3.344494547643136165e-06
7.870457896950984814e-03 3.164685026965210620e-06
8.016780633876788992e-03 2.994542576532390859e-06
8.165823713585922128e-03 2.833547467207016952e-06
8.317637711026708985e-03 2.681207911965198124e-06
8.472274141405963452e-03 2.537058563649452305e-06
8.629785477669701596e-03 2.400659093486424654e-06
8.790225168308843026e-03 2.271592846027576086e-06
8.953647655495937385e-03 2.149465566403982781e-06
9.120108393559096804e-03 2.033904196007614081e-06
9.289663867799363706e-03 1.924555732920228134e-06
9.462371613657928962e-03 1.821086153608697442e-06
9.638290236239705627e-03 1.723179392593248609e-06
9.817479430199843246e-03 1.630536376971466664e-06
1.000000000000000021e-02 1.542874112849137597e-06
1.018591388054116906e-02 1.459924820887136808e-06
1.037528415818012723e-02 1.381435118323715174e-06
1.056817509213658565e-02 1.307165244973650057e-06
1.076465213629834890e-02 1.236888330839885667e-06
1.096478196143185063e-02 1.170389703100406301e-06
1.116863247780561230e-02 1.107466230353474141e-06
1.137627285823430978e-02 1.047925702118156451e-06
1.158777356155126122e-02 9.915862416945328410e-07
1.180320635651729844e-02 9.382757505904111837e-07
1.202264434617413176e-02 8.878313828170321126e-07
1.224616199265048978e-02 8.400990474482532727e-07
1.247383514242943192e-02 7.949329379235431553e-07
1.270574105208541887e-02 7.521950866569398421e-07
1.294195841449986319e-02 7.117549435915599106e-07
1.318256738556407466e-02 6.734889774121500582e-07
1.342764961137864199e-02 6.372802981976232905e-07
1.367728825595849497e-02 6.030183003608646063e-07
1.393156802945303557e-02 5.705983247850900060e-07
1.419057521689092577e-02 5.399213391247206450e-07
1.445439770745927249e-02 5.108936352941950250e-07
1.472312502432718620e-02 4.834265432206285129e-07
1.499684835502373276e-02 4.574361599859656621e-07
1.527566058238072344e-02 4.328430935311896078e-07
1.555965631605074270e-02 4.095722201397427416e-07
1.584893192461113431e-02 3.875524549593146364e-07
1.614358556826486074e-02 3.667165348610470721e-07
1.644371723214931372e-02 3.470008129728179266e-07
1.674942876026437252e-02 3.283450642590210212e-07
1.706082389003123548e-02 3.106923015529240170e-07
1.737800828749375484e-02 2.939886014796422612e-07
1.770108958317421002e-02 2.781829397379961304e-07
1.803017740859568993e-02 2.632270352380752856e-07
1.836538343348346342e-02 2.490752026184089247e-07
1.870682140365800480e-02 2.356842126922519792e-07
1.905460717963247327e-02 2.230131603966502409e-07
1.940885877592778141e-02 2.110233398409404860e-07
1.976969640111861035e-02 1.996781260730211786e-07
2.013724249862388488e-02 1.889428632021740384e-07
2.051162178825565591e-02 1.787847585367524882e-07
2.089296130854039618e-02 1.691727824132841358e-07
2.128139045982712155e-02 1.600775734110987046e-07
2.167704104819695096e-02 1.514713079573642516e-07
2.208004733018900309e-02 1.433275132939476750e-07
2.249054605835781526e-02 1.356213385956816930e-07
2.290867652767773419e-02 1.283292933832878495e-07
2.333458062281003331e-02 1.214291451962783572e-07
2.376840286624877160e-02 1.148998525462279456e-07
2.421029046736178705e-02 1.087215014067714020e-07
2.466039337234339837e-02 1.028752450578871995e-07
2.511886431509580825e-02 9.734324711094081147e-08
2.558585886905645132e-02 9.210862754955001773e-08
2.606153549998894980e-02 8.715541162951611449e-08
2.654605561975538833e-02 8.246848148888764968e-08
2.703958364108843479e-02 7.803353032668403590e-08
2.754228703338166065e-02 7.383701901595993124e-08
2.805433637951713216e-02 6.986613502365156707e-08
2.857590543374946557e-02 6.610875351617163814e-08
2.910717118066605269e-02 6.255340053584922819e-08
2.964831389524342359e-02 5.918921813922084801e-08
3.019951720402016052e-02 5.600593139376630735e-08
3.076096814740707924e-02 5.299381713499911437e-08
3.133285724315585524e-02 5.014367439089949554e-08
3.191537855100761573e-02 4.744679638548967966e-08
3.250872973854343484e-02 4.489494403792282444e-08
3.311311214825911342e-02 4.248032087781994458e-08
3.372873086588688840e-02 4.019554930170821565e-08
3.435579478998746633e-02 3.803364809934615373e-08
3.499451670283573040e-02 3.598801118245668503e-08
3.564511334262442793e-02 3.405238745190316198e-08
3.630780547701013827e-02 3.222086174273224811e-08
3.698281797802662613e-02 3.048783678966715330e-08
3.767037989839089329e-02 2.884801615867686555e-08
3.837072454922788034e-02 2.729638809310383627e-08
3.908408957924021376e-02 2.582821022555841407e-08
3.981071705534973415e-02 2.443899510936597228e-08
4.055085354483839444e-02 2.312449652579974370e-08
4.130475019901614503e-02 2.188069652564543131e-08
4.207266283844442178e-02 2.070379316585168630e-08
4.285485203974396390e-02 1.959018890409786704e-08
4.365158322401661156e-02 1.853647961607922184e-08
4.446312674691088596e-02 1.753944420219494864e-08
4.528975799036209088e-02 1.659603475208549323e-08
4.613175745603795286e-02 1.570336723714699351e-08
4.698941086052153132e-02 1.485871270274873472e-08
4.786300923226382426e-02 1.405948893337824057e-08
4.875284901033862667e-02 1.330325256537252502e-08
4.965923214503360078e-02 1.258769162324396968e-08
5.058246620031139895e-02 1.191061845689021256e-08
5.152286445817564481e-02 1.126996305819202783e-08
5.248074602497725810e-02 1.066376673664938068e-08
5.345643593969716389e-02 1.009017613479737368e-08
5.445026528424212059e-02 9.547437565169378129e-09
5.546257129579107437e-02 9.033891651554523239e-09
5.649369748123025253e-02 8.547968258216493037e-09
5.754399373371569398e-02 8.088181691617840749e-09
5.861381645140287949e-02 7.653126160019394361e-09
5.970352865838369355e-02 7.241471477109177666e-09
6.081350012787179599e-02 6.851958996558128019e-09
6.194410750767814777e-02 6.483397765099203810e-09
6.309573444801933051e-02 6.134660882395332848e-09
6.426877173170197910e-02 5.804682056586743358e-09
6.546361740672750062e-02 5.492452345007443793e-09
6.668067692136221691e-02 5.197017070122071474e-09
6.792036326171846383e-02 4.917472901269636701e-09
6.918309709189365830e-02 4.652965093304570166e-09
7.046930689671471182e-02 4.402684873704106430e-09
7.177942912713618229e-02 4.165866970164413059e-09
7.311390834834176344e-02 3.941787271134170014e-09
7.447319739059891919e-02 3.729760612141845829e-09
7.585775750291839925e-02 3.529138681154884744e-09
7.726805850957024768e-02 3.339308036573362619e-09
7.870457896950988630e-02 3.159688231803049059e-09
8.016780633876793849e-02 2.989730040679027133e-09
8.165823713585926291e-02 2.828913778318417285e-09
8.317637711026708291e-02 2.676747712271726461e-09
8.472274141405963799e-02 2.532766559118453884e-09
8.629785477669701943e-02 2.396530061913134395e-09
8.790225168308841985e-02 2.267621644134620042e-09
8.953647655495937385e-02 2.145647136025892232e-09
9.120108393559096804e-02 2.030233569431235894e-09
9.289663867799362318e-02 1.921028037448632423e-09
9.462371613657930003e-02 1.817696615411472471e-09
9.638290236239704933e-02 1.719923339919891054e-09
9.817479430199843593e-02 1.627409242782349163e-09
1.000000000000000056e-01 1.539871436711980208e-09
1.018591388054116975e-01 1.457042250670133611e-09
1.037528415818012584e-01 1.378668411239839623e-09
1.056817509213658496e-01 1.304510268281447325e-09
1.076465213629834994e-01 1.234341062145398453e-09
1.096478196143185063e-01 1.167946230330173734e-09
1.116863247780561230e-01 1.105122751424464833e-09
1.137627285823430978e-01 1.045678524335850686e-09
1.158777356155126226e-01 9.894317809103588275e-10
1.180320635651729844e-01 9.362105301314980390e-10
1.202264434617413141e-01 8.858520322386415353e-10
1.224616199265048944e-01 8.382023011133175545e-10
1.247383514242943192e-01 7.931156334209374825e-10
1.270574105208542026e-01 7.504541631143817949e-10
1.294195841449986284e-01 7.100874398574192358e-10
1.318256738556407293e-01 6.718920301629150713e-10
1.342764961137864199e-01 6.357511399390993580e-10
1.367728825595849462e-01 6.015542573677672677e-10
1.393156802945303419e-01 5.691968150278846070e-10
1.419057521689092716e-01 5.385798700661523790e-10
1.445439770745927943e-01 5.096098017831032014e-10
1.472312502432719383e-01 4.821980252488472998e-10
1.499684835502373970e-01 4.562607204751337703e-10
1.527566058238073177e-01 4.317185761161698027e-10
1.555965631605074895e-01 4.084965469458798361e-10
1.584893192461114264e-01 3.865236243887515184e-10
1.614358556826487046e-01 3.657326193915901774e-10
1.644371723214932413e-01 3.460599569681892051e-10
1.674942876026438154e-01 3.274454818090316104e-10
1.706082389003124311e-01 3.098322743342208906e-10
1.737800828749376247e-01 2.931664766483329863e-10
1.770108958317422043e-01 2.773971278501688880e-10
1.803017740859569895e-01 2.624760082099219255e-10
1.836538343348347313e-01 2.483574917220614033e-10
1.870682140365801660e-01 2.349984065793560476e-10
1.905460717963248229e-01 2.223579031803335222e-10
1.940885877592779252e-01 2.103973292062545853e-10
1.976969640111861937e-01 1.990801114370788415e-10
2.013724249862389459e-01 1.883716439145341065e-10
2.051162178825564619e-01 1.782391821230136504e-10
2.089296130854038647e-01 1.686517428659939088e-10
2.128139045982711253e-01 1.595800095231646264e-10
2.167704104819694055e-01 1.509962424074995274e-10
2.208004733018899268e-01 1.428741939400849537e-10
2.249054605835780485e-01 1.351890283953105276e-10
2.290867652767772378e-01 1.279172459506886191e-10
2.333458062281001943e-01 1.210366108350692765e-10
2.376840286624875842e-01 1.145260833325174668e-10
2.421029046736177526e-01 1.083657554480398666e-10
2.466039337234338658e-01 1.025367900324800066e-10
2.511886431509579576e-01 9.702136318349402762e-11
2.558585886905645479e-01 9.180260973822276217e-11
2.606153549998895258e-01 8.686457170919342455e-11
2.654605561975538763e-01 8.219214948420357037e-11
2.703958364108843271e-01 7.777105565551565358e-11
2.754228703338166273e-01 7.358777133165792498e-11
2.805433637951713077e-01 6.962950479872490882e-11
2.857590543374946557e-01 6.588415240569589047e-11
2.910717118066605269e-01 6.234026155400496827e-11
2.964831389524342220e-01 5.898699567793990946e-11
3.019951720402015982e-01 5.581410110763516591e-11
3.076096814740708063e-01 5.281187571532729817e-11
3.133285724315585385e-01 4.997113924861898303e-11
3.191537855100761711e-01 4.728320525867988820e-11
3.250872973854344039e-01 4.473985453835613440e-11
3.311311214825911065e-01 4.233330999006401824e-11
3.372873086588689118e-01 4.005621284377464341e-11
3.435579478998746494e-01 3.790160015671502724e-11
3.499451670283573179e-01 3.586288352048296294e-11
3.564511334262442932e-01 3.393382891565243781e-11
3.630780547701014105e-01 3.210853764892731505e-11
3.698281797802662751e-01 3.038142831698256400e-11
3.767037989839089329e-01 2.874721973820484413e-11
3.837072454922788589e-01 2.720091480493367858e-11
3.908408957924021099e-01 2.573778520194935531e-11
3.981071705534973137e-01 2.435335694939303946e-11
4.055085354483839444e-01 2.304339672274155203e-11
4.130475019901614364e-01 2.180389890502260533e-11
4.207266283844441901e-01 2.063107334142366375e-11
4.285485203974396251e-01 1.952133374859100781e-11
4.365158322401661017e-01 1.847128674850383695e-11
4.446312674691088040e-01 1.747772149187776213e-11
4.528975799036208949e-01 1.653759984043453918e-11
4.613175745603795286e-01 1.564804707649794985e-11
4.698941086052155769e-01 1.480634311275015617e-11
4.786300923226385340e-01 1.400991417500174808e-11
4.875284901033865026e-01 1.325632493176561062e-11
4.965923214503362715e-01 1.254327104592576786e-11
5.058246620031142671e-01 1.186857213217870855e-11
5.152286445817566563e-01 1.123016508652890772e-11
5.248074602497728725e-01 1.062609777876748625e-11
5.345643593969718887e-01 1.005452308377298833e-11
5.445026528424214973e-01 9.513693232391083208e-12
5.546257129579110767e-01 9.001954468123677644e-12
5.649369748123028723e-01 8.517741988884544391e-12
5.754399373371572590e-01 8.059575163507193279e-12
5.861381645140291141e-01 7.626053003535820605e-12
5.970352865838371992e-01 7.215849878936648383e-12
6.081350012787182235e-01 6.827711456654240931e-12
6.194410750767818108e-01 6.460450886796410298e-12
6.309573444801935826e-01 6.112945163457807853e-12
6.426877173170200130e-01 5.784131673432212102e-12
6.546361740672747009e-01 5.473004966775939572e-12
6.668067692136219193e-01 5.178613676417908320e-12
6.792036326171843053e-01 4.900057610067006817e-12
6.918309709189363055e-01 4.636484993076387311e-12
7.046930689671466741e-01 4.387089871935576911e-12
7.177942912713615176e-01 4.151109641347742360e-12
7.311390834834172736e-01 3.927822719561678118e-12
7.447319739059888866e-01 3.716546335799312478e-12
7.585775750291835484e-01 3.516634447611566746e-12
7.726805850957021438e-01 3.327475760956662177e-12
7.870457896950984189e-01 3.148491864724888768e-12
8.016780633876789963e-01 2.979135459943235186e-12
8.165823713585922405e-01 2.818888686425782753e-12
8.317637711026708569e-01 2.667261536282854787e-12
8.472274141405963244e-01 2.523790367052372648e-12
8.629785477669701388e-01 2.388036469192515548e-12
8.790225168308842818e-01 2.259584733532642115e-12
8.953647655495937663e-01 2.138042378309798637e-12
9.120108393559096527e-01 2.023037749696735862e-12
9.289663867799362595e-01 1.914219185845132522e-12
9.462371613657929448e-01 1.811253939552359331e-12
9.638290236239704933e-01 1.713827162952456644e-12
9.817479430199843593e-01 1.621640943133363394e-12
1.000000000000000000e+00 1.534413392011403336e-12
1.018591388054116864e+00 1.451877784360525049e-12
1.037528415818012695e+00 1.373781741940198720e-12
1.056817509213658468e+00 1.299886461781040507e-12
1.076465213629834938e+00 1.229965986144042126e-12
1.096478196143185091e+00 1.163806511400996925e-12
1.116863247780561119e+00 1.101205733972940312e-12
1.137627285823431089e+00 1.041972233151812757e-12
1.158777356155126226e+00 9.859248841583832846e-13
1.180320635651729733e+00 9.328923045751070805e-13
1.202264434617413169e+00 8.827123309301014436e-13
1.224616199265048833e+00 8.352315224794420746e-13
1.247383514242943248e+00 7.903046918728642113e-13
1.270574105208541971e+00 7.477944613786476665e-13
1.294195841449986339e+00 7.075708428678604104e-13
1.318256738556407459e+00 6.695108400854297656e-13
1.342764961137864255e+00 6.334980728829766009e-13
1.367728825595849518e+00 5.994224210287050419e-13
1.393156802945303641e+00 5.671796876455758451e-13
1.419057521689092605e+00 5.366712806905557058e-13
1.445439770745927888e+00 5.078039111891905051e-13
1.472312502432719272e+00 4.804893082827370923e-13
1.499684835502373970e+00 4.546439491173744844e-13
1.527566058238073232e+00 4.301888034318888776e-13
1.555965631605074950e+00 4.070490922156338326e-13
1.584893192461114042e+00 3.851540585812413923e-13
1.614358556826486879e+00 3.644367517745765105e-13
1.644371723214932413e+00 3.448338221483478422e-13
1.674942876026438210e+00 3.262853277502568349e-13
1.706082389003124256e+00 3.087345508385074328e-13
1.737800828749376247e+00 2.921278244703793312e-13
1.770108958317422099e+00 2.764143685021685582e-13
1.803017740859569784e+00 2.615461341613677541e-13
1.836538343348347313e+00 2.474776572807653232e-13
1.870682140365801605e+00 2.341659191058879635e-13
1.905460717963248340e+00 2.215702149610944928e-13
1.940885877592779307e+00 2.096520295539927317e-13
1.976969640111861937e+00 1.983749194028161284e-13
2.013724249862389293e+00 1.877044012500972120e-13
2.051162178825566951e+00 1.776078467032354274e-13
2.089296130854040978e+00 1.680543824589021556e-13
2.128139045982713196e+00 1.590147958541695230e-13
2.167704104819693889e+00 1.504614455825569493e-13
2.208004733018899213e+00 1.423681771471436847e-13
2.249054605835780318e+00 1.347102428959940806e-13
2.290867652767772267e+00 1.274642263361168479e-13
2.333458062281001943e+00 1.206079705567155012e-13
2.376840286624875898e+00 1.141205104462473999e-13
2.421029046736177470e+00 1.079820086137362352e-13
2.466039337234338547e+00 1.021736946989817910e-13
2.511886431509579687e+00 9.667780800928900893e-14
2.558585886905645257e+00 9.147754317612990762e-14
2.606153549998894814e+00 8.655699881310065405e-14
2.654605561975539096e+00 8.190112883725433679e-14
2.703958364108843160e+00 7.749569650077227555e-14
2.754228703338166273e+00 7.332723084918190075e-14
2.805433637951713077e+00 6.938298551518382963e-14
2.857590543374946446e+00 6.565089977476019846e-14
2.910717118066604936e+00 6.211956163172767766e-14
2.964831389524342331e+00 5.877817293215055061e-14
3.019951720402016093e+00 5.561651636401834051e-14
3.076096814740707952e+00 5.262492419718647792e-14
3.133285724315585608e+00 4.979424872423798199e-14
3.191537855100761600e+00 4.711583428940183150e-14
3.250872973854343595e+00 4.458149082453939361e-14
3.311311214825911176e+00 4.218346879943873822e-14
3.372873086588688896e+00 3.991443553113346554e-14
3.435579478998746605e+00 3.776745275708190006e-14
3.499451670283573179e+00 3.573595542509436929e-14
3.564511334262442599e+00 3.381373160994540315e-14
3.630780547701013994e+00 3.199490352893085706e-14
3.698281797802662751e+00 3.027390955948863176e-14
3.767037989839089107e+00 2.864548723884425692e-14
3.837072454922788367e+00 2.710465716980567068e-14
3.908408957924021099e+00 2.564670779584845479e-14
3.981071705534973137e+00 2.426718099343327239e-14
4.055085354483838778e+00 2.296185843884490631e-14
4.130475019901614253e+00 2.172674871206219848e-14
4.207266283844441901e+00 2.055807508904702828e-14
4.285485203974396029e+00 1.945226399543512182e-14
4.365158322401661017e+00 1.840593407744717092e-14
4.446312674691088596e+00 1.741588568459776758e-14
4.528975799036208727e+00 1.647907386411750591e-14
4.613175745603795619e+00 1.559262703452039234e-14
4.698941086052156102e+00 1.475384048832581455e-14
4.786300923226384896e+00 1.396015442567968675e-14
4.875284901033865026e+00 1.320914622989432929e-14
4.965923214503362715e+00 1.249852314898988534e-14
5.058246620031142449e+00 1.182611536491406920e-14
5.152286445817567007e+00 1.118986942828641804e-14
5.248074602497728058e+00 1.058784204191734785e-14
5.345643593969719554e+00 1.001819417268998377e-14
5.445026528424214085e+00 9.479185476216204348e-15
5.546257129579109879e+00 8.969169017517656619e-15
5.649369748123028501e+00 8.486586272460541962e-15
5.754399373371572146e+00 8.029962394562879147e-15
5.861381645140290253e+00 7.597901734075048310e-15
5.970352865838371770e+00 7.189083595518297987e-15
6.081350012787182457e+00 6.802258221551529007e-15
6.194410750767818108e+00 6.436242990574850921e-15
6.309573444801936049e+00 6.089918817716300117e-15
6.426877173170200130e+00 5.762226747575831572e-15
6.546361740672753449e+00 5.452164729175737942e-15
6.668067692136225411e+00 5.158784563109892968e-15
6.792036326171849936e+00 4.881189012041545323e-15
6.918309709189363055e+00 4.618529065608953189e-15
7.046930689671467185e+00 4.370001351646028651e-15
7.177942912713614732e+00 4.134845686300857384e-15
7.311390834834172736e+00 3.912342754802595727e-15
7.447319739059888200e+00 3.701811916815875512e-15
7.585775750291835706e+00 3.502609129262828902e-15
7.726805850957020994e+00 3.314124980483749023e-15
7.870457896950984633e+00 3.135782829703974156e-15
8.016780633876789963e+00 2.967037046381095004e-15
8.165823713585922405e+00 2.807371343853991643e-15
8.317637711026709013e+00 2.656297202459909205e-15
8.472274141405963022e+00 2.513352377220002177e-15
8.629785477669701166e+00 2.378099485619271018e-15
8.790225168308841930e+00 2.250124671181879607e-15
8.953647655495936775e+00 2.129036338777296607e-15
9.120108393559096527e+00 2.014463957857150146e-15
9.289663867799362151e+00 1.906056929914073143e-15
9.462371613657929004e+00 1.803483516801153675e-15
9.638290236239704711e+00 1.706429826608372048e-15
9.817479430199844259e+00 1.614598853994713583e-15
1.000000000000000000e+01 1.527709572101825423e-15
