2.382994576753254962e-02 1.000000000000000000e+00
2.392272791913885310e-02 8.475707924432545060e-01
2.613571861055507400e-02 6.309573444801942488e-01
2.990597009800600656e-02 3.981071705534977578e-01
3.011693009684170141e-02 3.898865165162471724e-01
3.629032290461433469e-02 2.511886431509582351e-01
3.791496862414259900e-02 2.281580519603819135e-01
4.459247387324711404e-02 1.584893192461114264e-01
4.773211748831165946e-02 1.378210018015848803e-01
5.635843986510571252e-02 1.000000000000000056e-01
6.009117566478031081e-02 8.967389463371389091e-02
7.302821834633546616e-02 6.309573444801942765e-02
7.565030806897916904e-02 5.969681637480576952e-02
9.348212841798808626e-02 3.981071705534977578e-02
9.523809523809523281e-02 3.857512443847543882e-02
1.198976582661111928e-01 2.834654329005652923e-02
1.290769979058650763e-01 2.511886431509582213e-02
1.509422088058204048e-01 2.026746199783287239e-02
1.900249823779885383e-01 2.004675424676911552e-02
1.912456505871172052e-01 2.511886431509582213e-02
1.933244743299272206e-01 3.981071705534977578e-02
1.952251299275694074e-01 6.309573444801942765e-02
1.969618662410309029e-01 1.000000000000000056e-01
1.985369861849880790e-01 1.584893192461114264e-01
1.999294354291873410e-01 2.511886431509582351e-01
2.010660683428605044e-01 3.981071705534977578e-01
2.017477534340881284e-01 6.309573444801942488e-01
2.014412503038661151e-01 1.000000000000000000e+00
