2.270267569647718003e-02 1.000000000000000000e+00
2.282585728576346992e-02 8.286427728546825744e-01
2.295309317622485842e-02 6.866488450042997904e-01
2.308458687053530772e-02 5.689866029018293414e-01
2.322055572509390889e-02 4.714866363457389520e-01
2.336123214847463797e-02 3.906939937054613177e-01
2.350686492678322886e-02 3.237457542817639977e-01
2.365772068735700132e-02 2.682695795279722017e-01
2.381408554182162449e-02 2.222996482526191087e-01
2.392272791913884963e-02 1.966273151723181845e-01
2.438981402117106068e-02 1.842069969326712575e-01
2.582234859266002019e-02 1.526417967175230372e-01
2.725488222979181169e-02 1.264855216855293174e-01
2.868741537673744763e-02 1.048113134154685377e-01
3.011994824957914263e-02 8.685113737513520948e-02
3.155248104565478579e-02 7.196856730011513825e-02
3.298501393207548676e-02 5.963623316594636459e-02
3.441754673478163162e-02 4.941713361323828851e-02
3.585007967936415518e-02 4.094915062380419246e-02
3.728261257519192851e-02 3.393221771895323091e-02
3.791496862414259900e-02 3.136553784169208992e-02
4.058652461116685206e-02 2.811768697974225198e-02
4.536932700824627962e-02 2.329951810515367219e-02
5.015212567665274651e-02 1.930697728883249559e-02
5.493492252164219186e-02 1.599858719606057217e-02
5.971771856729529704e-02 1.325711365590108090e-02
6.009117566478031081e-02 1.307973138081037698e-02
6.710590583251807573e-02 1.098541141987557229e-02
7.471472631067861692e-02 9.102981779915208377e-03
8.232352717565417921e-02 7.543120063354606664e-03
8.993231871502839481e-02 6.250551925273963375e-03
9.523809523809523281e-02 5.503666200206436439e-03
1.019894637881772897e-01 5.179474679231202416e-03
1.242942185036153280e-01 4.291934260128769073e-03
1.465982844012028996e-01 3.556480306223128336e-03
1.509422088058204048e-01 3.437787649335634181e-03
1.669690673320218810e-01 2.947051702551809708e-03
1.868699083281054329e-01 2.442053094548649744e-03
2.067692842229650052e-01 2.023589647725155746e-03
2.266679605146641463e-01 1.676832936811006869e-03
2.392272791913886143e-01 1.495475111340570243e-03
2.545167720292834668e-01 1.389495494373136101e-03
2.959583357351426303e-01 1.151395399326445761e-03
3.373884537788567894e-01 9.540954763499925103e-04
3.788128408864204766e-01 7.906043210907684297e-04
3.791496862414259761e-01 7.895027087275856021e-04
4.350310961167861978e-01 6.551285568595509225e-04
4.912617032703285869e-01 5.428675439323859403e-04
5.474351651187265855e-01 4.498432668969443876e-04
6.009117566478031636e-01 3.764266635550030083e-04
6.045194381622932545e-01 3.727593720314937870e-04
6.800714140321232337e-01 3.088843596477478816e-04
7.552353952799163439e-01 2.559547922699533331e-04
8.302011685357968407e-01 2.120950887920188303e-04
9.050768173002082806e-01 1.757510624854789272e-04
9.523809523809523281e-01 1.567231301173134593e-04
9.587833826320858455e-01 1.757510624854789272e-04
9.686011921773183264e-01 2.120950887920188303e-04
9.780467640389454154e-01 2.559547922699533331e-04
9.871283175513666519e-01 3.088843596477478816e-04
9.958487714387294076e-01 3.727593720314937870e-04
1.004204166907703977e+00 4.498432668969443876e-04
1.012181390155093563e+00 5.428675439323859403e-04
1.019754918590036530e+00 6.551285568595509225e-04
1.026882213729166882e+00 7.906043210907685382e-04
1.033497259063788309e+00 9.540954763499924019e-04
1.039501607998524646e+00 1.151395399326445761e-03
1.044752214131499324e+00 1.389495494373136101e-03
1.049045372906359130e+00 1.676832936811006435e-03
1.052096425240846900e+00 2.023589647725155746e-03
1.053514942656645026e+00 2.442053094548649744e-03
1.052770703850537171e+00 2.947051702551809708e-03
1.049121273884533245e+00 3.556480306223128336e-03
1.041406957437195357e+00 4.291934260128769940e-03
1.027567050303131557e+00 5.179474679231202416e-03
1.003737348150314235e+00 6.250551925273963375e-03
9.621443887126779337e-01 7.543120063354606664e-03
9.523809523809522171e-01 7.762624066927454117e-03
8.503860849551748702e-01 9.102981779915208377e-03
7.654963514173085404e-01 1.098541141987557229e-02
7.069310253335429062e-01 1.325711365590108090e-02
6.670169271048868032e-01 1.599858719606057217e-02
6.561365949283539667e-01 1.930697728883249559e-02
6.383446052840563434e-01 2.329951810515366872e-02
6.061263094395742401e-01 2.811768697974225198e-02
6.009117566478031636e-01 2.866993791019011029e-02
5.350105651739606172e-01 3.393221771895323091e-02
4.843013322760209016e-01 4.094915062380419246e-02
4.496674295726932891e-01 4.941713361323828158e-02
4.345301699870243173e-01 5.963623316594636459e-02
4.316398965169579993e-01 7.196856730011513825e-02
4.261413772107770503e-01 8.685113737513520948e-02
4.162796231032045435e-01 1.048113134154685239e-01
3.992341714095444249e-01 1.264855216855293174e-01
3.791496862414259761e-01 1.502920887962275742e-01
3.758149547492076192e-01 1.526417967175230372e-01
3.445440277213762115e-01 1.842069969326712575e-01
3.165023165765193935e-01 2.222996482526191087e-01
2.926155983629582513e-01 2.682695795279722017e-01
2.739340316265719277e-01 3.237457542817639977e-01
2.689866635280515617e-01 3.906939937054613177e-01
2.640222448449869308e-01 4.714866363457389520e-01
2.572902429528720059e-01 5.689866029018293414e-01
2.476902829488066560e-01 6.866488450042999014e-01
2.392272791913886143e-01 7.654767851037262982e-01
2.300562077130655914e-01 8.286427728546825744e-01
2.087273729763800267e-01 1.000000000000000000e+00
