0.01   1e3
0.01   1.2654868484566477e-7
0.015145627485585893   1.2791035683232343e-7
0.02445181183414496   1.2791035683232396e-7
0.03653042960195711   1.2791035683232396e-7
0.056862915508975896   1.3067781349305617e-7
0.07969596884838305   1.4235950006326616e-7
0.09652634555189535   1.55085448069117e-7
0.11479703171621075   1.8015407508292664e-7
0.11532191287772156   2.8543767037714265e-7
0.11220824368831649   8.503835956745474e-7
0.10868172254458426   0.0000026161502497396507
0.10478692178040472   0.000007231522597923633
0.10242387175611821   0.000010977530390079799
0.09830386188278828   0.000014499551928137358