2.000000000000000355e+01 1.397090122654988652e-05
1.984840720959527260e+01 1.407575113894866120e-05
1.980423217394202595e+01 1.410653837969735370e-05
1.969796343789568027e+01 1.418163240423507378e-05
1.954865997575361192e+01 1.428794239439653877e-05
1.952770423440714254e+01 1.430297767587872438e-05
1.940048818003372588e+01 1.439552342207616108e-05
1.925502380192022400e+01 1.450215246931995832e-05
1.925343947311246140e+01 1.450332999449005332e-05
1.910750534238157883e+01 1.461262141984440837e-05
1.898628097795429781e+01 1.470410085293530022e-05
1.896267733975533432e+01 1.472216088445048710e-05
1.881894708118141324e+01 1.483297423744563308e-05
1.872126376876473586e+01 1.490886145009836532e-05
1.867630624615565083e+01 1.494427395117948486e-05
1.853474657724025221e+01 1.505663042527801709e-05
1.845992093805277179e+01 1.511647342202887998e-05
1.839425987958583519e+01 1.516971817095092435e-05
1.825483802045702575e+01 1.528363925474314348e-05
1.820220194736008068e+01 1.532697647528264670e-05
1.811647292876163462e+01 1.539862261021446017e-05
1.797915659458350035e+01 1.551434388653661825e-05
1.794846194682139284e+01 1.554041086934531822e-05
1.784288106871867541e+01 1.563132248734767452e-05
1.770763846221533555e+01 1.574866408151816491e-05
1.769831251577845777e+01 1.575681742433237759e-05
1.757342094591707138e+01 1.586752616658942689e-05
1.745171219336907242e+01 1.597623752879606465e-05
1.744022075000962602e+01 1.598664472430686605e-05
1.730803016357120683e+01 1.610727713204926977e-05
1.720859282503259280e+01 1.619871314764097350e-05
1.717684153412595904e+01 1.622831611145162506e-05
1.704664726720105961e+01 1.635062837463666427e-05
1.696883642207222564e+01 1.642428683015023178e-05
1.691743982588703332e+01 1.647361816192285028e-05
1.678921173040151871e+01 1.659763367322216127e-05
1.673239685770820273e+01 1.665300171812293935e-05
1.666195555765614955e+01 1.672260512846895361e-05
1.653566394082691460e+01 1.684834760630672356e-05
1.649922863138274209e+01 1.688490155412543820e-05
1.641032956892767558e+01 1.697519013943958599e-05
1.628594518638690758e+01 1.710252663305480864e-05
1.626898035687771582e+01 1.712003068985712474e-05
1.616250359262776470e+01 1.723135461008620697e-05
1.604187855450723177e+01 1.735843409463279366e-05
1.603999764165111941e+01 1.736044324602145980e-05
1.591842024162196267e+01 1.749130151557136631e-05
1.581805135390683503e+01 1.760015736398341042e-05
1.579776435445883465e+01 1.762246617780289815e-05
1.567802299542637812e+01 1.775514670208875196e-05
1.559732595868862859e+01 1.784524672837614609e-05
1.555918923273106991e+01 1.788842017716326765e-05
1.544125618711982106e+01 1.802294833182489737e-05
1.537965973018716426e+01 1.809374906205638145e-05
1.532421703148183489e+01 1.815836391684441778e-05
1.520806499045333204e+01 1.829476543088784629e-05
1.516501061016669816e+01 1.834571189201246653e-05
1.509279334002535222e+01 1.843244644870046983e-05
1.497839540715453488e+01 1.857098668120026486e-05
1.495365194526018726e+01 1.860118340706532608e-05
1.486486456937673850e+01 1.871104771405814897e-05
1.475219425442372767e+01 1.885152924863064489e-05
1.474528284439946368e+01 1.886021246708500471e-05
1.464037793984269165e+01 1.899384612847065617e-05
1.453987618072308763e+01 1.912284861233499205e-05
1.452940915261864774e+01 1.913647101788043132e-05
1.441928146879977390e+01 1.928089231945407669e-05
1.433736186704175353e+01 1.938914207294726547e-05
1.430998851312544673e+01 1.942581732457677370e-05
1.420152395865722994e+01 1.957224975163500042e-05
1.413764818612315821e+01 1.965914377852884983e-05
1.409388152641260739e+01 1.971951127518090948e-05
1.398705498500146582e+01 1.986798283346574706e-05
1.394203097993879226e+01 1.993290536790219160e-05
1.388103815026542875e+01 2.002207893286200545e-05
1.377582488491976775e+01 2.018302722088092082e-05
1.375801531436935932e+01 2.021047919898154603e-05
1.367140909819817196e+01 2.034583449942309463e-05
1.357864675786879260e+01 2.049191835878630253e-05
1.356778474550015190e+01 2.050926226178098014e-05
1.346494582804108120e+01 2.067472430141831355e-05
1.340169000670515587e+01 2.077727667359439571e-05
1.336288639250501831e+01 2.084106238381440847e-05
1.326160053069995826e+01 2.100882854978917852e-05
1.322698117946467988e+01 2.106660871923644247e-05
1.316108237921587509e+01 2.117812631559133784e-05
1.306132611908528318e+01 2.134822869380185794e-05
1.305449273830494228e+01 2.135996983153388146e-05
1.296232597544635468e+01 2.152053631682761224e-05
1.288435114106800938e+01 2.165741611688201283e-05
1.286407621720867311e+01 2.169350306366115973e-05
1.276657115672138509e+01 2.186837591749708331e-05
1.271642179220073743e+01 2.195900446298043178e-05
1.266980514944398806e+01 2.204449970648107322e-05
1.257377259361956767e+01 2.222211482328159812e-05
1.255088830714719528e+01 2.226479254971329557e-05
1.247846792995049015e+01 2.240174899672542488e-05
1.238763452325235725e+01 2.257483886018050461e-05
1.238388564127663471e+01 2.258208211570977866e-05
1.229002025225592476e+01 2.276482558158701551e-05
1.222661871980826298e+01 2.288920269188307745e-05
1.219686632904741863e+01 2.294838182275347295e-05
1.210441847899673107e+01 2.313367006587181061e-05
1.206764099384064437e+01 2.320794416806390556e-05
1.201267135032383315e+01 2.332050422614734693e-05
1.192161963181330719e+01 2.350837268356696934e-05
1.191067651006145311e+01 2.353112424920640507e-05
1.183125805250678830e+01 2.369854046099944297e-05
1.175580855533434033e+01 2.385880474469374922e-05
1.174158138139789287e+01 2.388944589350861010e-05
1.165258442712937637e+01 2.408258307148529031e-05
1.160298284120509571e+01 2.419104832462978222e-05
1.156426203769260219e+01 2.427675759575217355e-05
1.147660910012933755e+01 2.447232067889115503e-05
1.145188532025004946e+01 2.452791853182522335e-05
1.138962054023569337e+01 2.466979085526274461e-05
1.130329132226842503e+01 2.486799711411003051e-05
1.130265043227499788e+01 2.486947979395033660e-05
1.121761644865341268e+01 2.506894282897138729e-05
1.115548473344851743e+01 2.521579743585679009e-05
1.113259095969633350e+01 2.527066271899450288e-05
1.104820993329559187e+01 2.547442761927038045e-05
1.101019098351806846e+01 2.556693769207165294e-05
1.096446848465731705e+01 2.567974178836172916e-05
1.088136176601262051e+01 2.588634419792013776e-05
1.086674145806803793e+01 2.592296771946456298e-05
1.079888496633695993e+01 2.609531363277052825e-05
1.072517530460205393e+01 2.628395561009209361e-05
1.071703331107161539e+01 2.630508323513795901e-05
1.063580206184732724e+01 2.651753881406774166e-05
1.058558574481828352e+01 2.664997040422046194e-05
1.055518651620993609e+01 2.673133170916253706e-05
1.047518200734820404e+01 2.694709330220093776e-05
1.044795487009535861e+01 2.702108210352956958e-05
1.039578390382363793e+01 2.716482913914467097e-05
1.031698760930236780e+01 2.738359530030170399e-05
1.031206674713819282e+01 2.739736168450145957e-05
1.023878856228911083e+01 2.760521616690230097e-05
1.017802781067081064e+01 2.777888111199438862e-05
1.016118223586303770e+01 2.782769921130094930e-05
1.008416413741576712e+01 2.805260061083868038e-05
1.004572197311839155e+01 2.816571335300675679e-05
1.000772980839125914e+01 2.827905871299074241e-05
9.931874824027717708e+00 2.850709195617762728e-05
9.915091001526427306e+00 2.855793239063217178e-05
9.856594793101475460e+00 2.873759268144257891e-05
9.786146783247886560e+00 2.895561323820878871e-05
9.781885357672727821e+00 2.896898503073377964e-05
9.707742192833288541e+00 2.920341340513415903e-05
9.642575414466382000e+00 2.935883195366630343e-05
9.634161006456222864e+00 2.937917922470528186e-05
9.561137538947356518e+00 2.954714884443102301e-05
9.488667562998735150e+00 2.971511846415673028e-05
9.466168079944466740e+00 2.976766565407184932e-05
9.416746883343844132e+00 2.988469538825894574e-05
9.345371336514787686e+00 3.005500405339682859e-05
9.292471279989808153e+00 3.018219253037931094e-05
9.274536790601256797e+00 3.022591318472879235e-05
9.204239145011316126e+00 3.039859346743950413e-05
9.134474330234080952e+00 3.057127375015021592e-05
9.121957452851663817e+00 3.060249186238350771e-05
9.065238307604053247e+00 3.074592395123898188e-05
8.996527069067376203e+00 3.092100887726381009e-05
8.954606339467675369e+00 3.102864403388250040e-05
8.928336636949797622e+00 3.109703306881739595e-05
8.860663063726388344e+00 3.127455612379453610e-05
8.793502431793069007e+00 3.145207917877168303e-05
8.790254248512095359e+00 3.146073054805174739e-05
8.726850853239753292e+00 3.163215757553927124e-05
8.660704469625329693e+00 3.181255770133711055e-05
8.629315742200606820e+00 3.189883404303140818e-05
8.595059451754268665e+00 3.199430347779193371e-05
8.529911999454961702e+00 3.217725068746752297e-05
8.471322550968814369e+00 3.234303830773159878e-05
8.465258341359753302e+00 3.236043685141919677e-05
8.401094734686573418e+00 3.254593167555125687e-05
8.337417465022291196e+00 3.273142649968331696e-05
8.316294611455084862e+00 3.279342829785717085e-05
8.274222846107690543e+00 3.291864101453255008e-05
8.211507219624088805e+00 3.310671892969070001e-05
8.164061655264022832e+00 3.325009015215558576e-05
8.149266954981518651e+00 3.329541940376521542e-05
8.087498449108583287e+00 3.348611638054475230e-05
8.026198126243869524e+00 3.367681335732428918e-05
8.014618473388274822e+00 3.371311120889173933e-05
7.965362437728935596e+00 3.386966040484917112e-05
7.904987861802918125e+00 3.406301291475059725e-05
7.867935860625049571e+00 3.418258002255118727e-05
7.845070903398607243e+00 3.425739291644817799e-05
7.785608093940149743e+00 3.445343793885250361e-05
7.726595991142248820e+00 3.464948296125682246e-05
7.723876513497605067e+00 3.465858638077700261e-05
7.668031178810878146e+00 3.484813122167106417e-05
7.609910266645558252e+00 3.504690625091222086e-05
7.582541996023383746e+00 3.514122132154175600e-05
7.552229890043038019e+00 3.524696103748569699e-05
7.494986709902557109e+00 3.544823803580071604e-05
7.443543841636635072e+00 3.563057715055872513e-05
7.438177412432533941e+00 3.564984920313796842e-05
7.381798708958722699e+00 3.585386414979840073e-05
7.325847335733867816e+00 3.605787909645884659e-05
7.307103253274577881e+00 3.612674745893610105e-05
7.270320053748720923e+00 3.626377601438418916e-05
7.215213648544558822e+00 3.647063195232498465e-05
7.173125512455192698e+00 3.662982714107614280e-05
7.160524930027101220e+00 3.667815158562280788e-05
7.106250732281822025e+00 3.688788807680537334e-05
7.052387913390709251e+00 3.709778523309164395e-05
7.041665682120989977e+00 3.713991241282454557e-05
6.998933355250334998e+00 3.731028804983401934e-05
6.945883963391378479e+00 3.752341368705455565e-05
6.912859937046098580e+00 3.765710082987187238e-05
6.893236666799480439e+00 3.773764553768554323e-05
6.840988417737457361e+00 3.795373903626567721e-05
6.789136191568895029e+00 3.816983253484577054e-05
6.786677162545845299e+00 3.818149130641120302e-05
6.737676986583011285e+00 3.841704655423214384e-05
6.690127874543055242e+00 3.871318413405638447e-05
6.686607823820920338e+00 3.873541242329230940e-05
6.635925746903163613e+00 3.905790212884500360e-05
6.605608952987893190e+00 3.925228100102254319e-05
6.585627821858575537e+00 3.938217582996515417e-05
6.535711136954446943e+00 3.970915633610119170e-05
6.522117026449847366e+00 3.979888501157488313e-05
6.486172802527937264e+00 4.003944067067327878e-05
6.439660441514267752e+00 4.035310070574753142e-05
6.437009950818814552e+00 4.037122341368025972e-05
6.388219735803432719e+00 4.070737400051059634e-05
6.358307592107508732e+00 4.091503407933693793e-05
6.339799333029976225e+00 4.104531387003238586e-05
6.291745939454973069e+00 4.138614549078544147e-05
6.277943233671386736e+00 4.148479260417457212e-05
6.244056773280993511e+00 4.173034962950802537e-05
6.198570017609835503e+00 4.206248524868059087e-05
6.196729073795632203e+00 4.207611465789229957e-05
6.149760101211692920e+00 4.242650481013835579e-05
6.120264641008345663e+00 4.264822249870507730e-05
6.103147136508569659e+00 4.277868677888274911e-05
6.056887481274871199e+00 4.313395625680341880e-05
6.042910694895239132e+00 4.324211637865862619e-05
6.010978457552174525e+00 4.349266683321890189e-05
5.966505549042766532e+00 4.384428047293712757e-05
5.965417407680021711e+00 4.385300338523248512e-05
5.920201694142064319e+00 4.421823630048232382e-05
5.891158187610562535e+00 4.445482994764583074e-05
5.875328699413367772e+00 4.458581577852068422e-05
5.830795825808914756e+00 4.495721288451206464e-05
5.816912542541158970e+00 4.507388157262457264e-05
5.786600495333184213e+00 4.533215718753916788e-05
5.743575545516914183e+00 4.570155374378110253e-05
5.742740149530937366e+00 4.570882602827182150e-05
5.699212249339103309e+00 4.609063886660089854e-05
5.671229814096001576e+00 4.633796650573440717e-05
5.656014274939790809e+00 4.647432446613951259e-05
5.613143725614436086e+00 4.686145420385352139e-05
5.599759278500115123e+00 4.698324157477344403e-05
5.570598119599002196e+00 4.725227894216779971e-05
5.529159953873330480e+00 4.763750236213649334e-05
5.528374993940333937e+00 4.764490123653707901e-05
5.486471904353576790e+00 4.804288792403068654e-05
5.459515036566790158e+00 4.830087399761322296e-05
5.444886425080666115e+00 4.844282417713148461e-05
5.403616148749925685e+00 4.884635299145142351e-05
5.390712641361657731e+00 4.897348335347691988e-05
5.362658686236674299e+00 4.925373076686811720e-05
5.322748791736242602e+00 4.965545906874899585e-05
5.322011666524934625e+00 4.966298220834598098e-05
5.281672736570182103e+00 5.007782788015539550e-05
5.255703861630672158e+00 5.034693157380135071e-05
5.241639561163115246e+00 5.049448544857029341e-05
5.201909822794487326e+00 5.091464201560464092e-05
5.189396506987201896e+00 5.104803311530237359e-05
5.162481221520928365e+00 5.133851037775195825e-05
5.123823860106401895e+00 5.175889778150880461e-05
5.123351474831809860e+00 5.176410636756673995e-05
5.084518317517112251e+00 5.219555642331134100e-05
5.059140932117330181e+00 5.247966152791133112e-05
5.045979501536288936e+00 5.262905831755249514e-05
5.007732795888141020e+00 5.306651649116463256e-05
4.995243099072400383e+00 5.321046220323622232e-05
4.969775986481643315e+00 5.350833580409091085e-05
4.932214923607558532e+00 5.395143957580916881e-05
4.932106876007784635e+00 5.395273286006873367e-05
4.894723283812366432e+00 5.440361624617933063e-05
4.870110732810604581e+00 5.470273536028717477e-05
4.857623045769755343e+00 5.485661301163050247e-05
4.820804014157627826e+00 5.531377513265420644e-05
4.808757448998947304e+00 5.546449324476113900e-05
4.784264057532602976e+00 5.577520461139602343e-05
4.748147667065704347e+00 5.623685891823753394e-05
4.748001060606883428e+00 5.623875899725299982e-05
4.712012924125782654e+00 5.670874210748407261e-05
4.685514719788310245e+00 5.701998009850164933e-05
4.676297564746208835e+00 5.712974893412259216e-05
4.640852914916073324e+00 5.753461512700375153e-05
4.616578547130257171e+00 5.781400656036876341e-05
4.605676922754570413e+00 5.794122860704946192e-05
4.570767551933418993e+00 5.835173272667329230e-05
4.548203741748015894e+00 5.861909016432997730e-05
4.536122781558970196e+00 5.876423022218414612e-05
4.501740606055216531e+00 5.918045077897829198e-05
4.480841224515382137e+00 5.943538488559515869e-05
4.467619035047706966e+00 5.959891731532486995e-05
4.433756093248298669e+00 6.002093391300674112e-05
4.414476014543589955e+00 6.026304684354206158e-05
4.400149820340824469e+00 6.044545574257488530e-05
4.366798270867608522e+00 6.087334909337601709e-05
4.349093352553765612e+00 6.110223433157442065e-05
4.333699514116835516e+00 6.130401371325269581e-05
4.300851634010806279e+00 6.173786565335548403e-05
4.284678697600162955e+00 6.195310784739577615e-05
4.268252728994983869e+00 6.217476182326852284e-05
4.235900911927936718e+00 6.261465532845731914e-05
4.221217723841698799e+00 6.281583012370606310e-05
4.203794309972082033e+00 6.305787308897397821e-05
4.171931064485268514e+00 6.350389229050517389e-05
4.158696317361397554e+00 6.369056615932391246e-05
4.140309330913193975e+00 6.395377760371216344e-05
4.108927278682600104e+00 6.440688193714408957e-05
4.097210802229615645e+00 6.457748325074412401e-05
4.077783091095319890e+00 6.486435303796882104e-05
4.046874965223097753e+00 6.532422843989810137e-05
4.036701654425381314e+00 6.547675102413338043e-05
4.016201111803237467e+00 6.578838385507808177e-05
3.985759755134995697e+00 6.625466320940543666e-05
3.977085672868311494e+00 6.638854146777144660e-05
3.955549132976806437e+00 6.672557138446709359e-05
3.925567496444258619e+00 6.719834386883966916e-05
3.918349680703751226e+00 6.731302896494553820e-05
3.895813109908849547e+00 6.767610286603569728e-05
3.866284250897529695e+00 6.815545889993587401e-05
3.860480695366121928e+00 6.825039032730067872e-05
3.836979209992958939e+00 6.864016820315762657e-05
3.807896290734571032e+00 6.912619946519558316e-05
3.803465925715781903e+00 6.920080482865649378e-05
3.779033809520356613e+00 6.961796000055144604e-05
3.750390095509402943e+00 7.011075944599969012e-05
3.747292769218200092e+00 7.016445423929364112e-05
3.721963490525176610e+00 7.060967360269010721e-05
3.693752348959514986e+00 7.110933548126093504e-05
3.691948809164600220e+00 7.114152286071758781e-05
3.665755037677374872e+00 7.161550713275522122e-05
3.637969935922289899e+00 7.212212700662670370e-05
3.637421811933483795e+00 7.213219756090793371e-05
3.610395435222537142e+00 7.263534757398086615e-05
3.583685609768870961e+00 7.313666781005647983e-05
3.583029939298043143e+00 7.314911968827850794e-05
3.555871863967949409e+00 7.366881950380803497e-05
3.530651467484615669e+00 7.415512571680514097e-05
3.528919637058921754e+00 7.418898433886260521e-05
3.502171698314130666e+00 7.471592118613157156e-05
3.478401836182555495e+00 7.518776606498691457e-05
3.475626499302931993e+00 7.524362521151390585e-05
3.449282503331234206e+00 7.577789986913889672e-05
3.426925116005624439e+00 7.623478635087863368e-05
3.423138185352524232e+00 7.631336200232752753e-05
3.397192031879596286e+00 7.685634254804446530e-05
3.376330315278931238e+00 7.729638682097392016e-05
3.371442540896929518e+00 7.740092224581274216e-05
3.345888221773737126e+00 7.795162973942544138e-05
3.326494271341096542e+00 7.837277051027973971e-05
3.320527595177687363e+00 7.850414150245861437e-05
3.295359192989242736e+00 7.906251782236548150e-05
3.277637009065831109e+00 7.946414328114881028e-05
3.270381558216687079e+00 7.963085817707711176e-05
3.245593244911775255e+00 8.025147862106055108e-05
3.232939257636495256e+00 8.057071386265098100e-05
3.220992818086025888e+00 8.087629597681951282e-05
3.196578853627663364e+00 8.150555881342474616e-05
3.189373470298953350e+00 8.169269389049300045e-05
3.172349938219155341e+00 8.214097845927450983e-05
3.148304669255409749e+00 8.277900403734104670e-05
3.146386208047122324e+00 8.283029794749575470e-05
3.124441654762576182e+00 8.342520009301094858e-05
3.103994452824077488e+00 8.398374360463264768e-05
3.100759513317461913e+00 8.407334098144440739e-05
3.077256873967571416e+00 8.472925981591653791e-05
3.062179715456110785e+00 8.515325146264212080e-05
3.053932376151727635e+00 8.538840833100192146e-05
3.030784669621318539e+00 8.605346110256957635e-05
3.020920022886832257e+00 8.633904519421778129e-05
3.007812414362129871e+00 8.672379813016085524e-05
2.985014280516769869e+00 8.739811203262070802e-05
2.980208147220910764e+00 8.754135158678615460e-05
2.962388948307694836e+00 8.807982136182463209e-05
2.940037730124475335e+00 8.876040058588179147e-05
2.939935107960790717e+00 8.876356887395464687e-05
2.917651459629559962e+00 8.945679372915578463e-05
2.900436531362643677e+00 8.999642533912380912e-05
2.895536713319875943e+00 9.015215743289495417e-05
2.873589588815298246e+00 9.085503572673478607e-05
2.861360913265175832e+00 9.124966224080752739e-05
2.851808815602973723e+00 9.156275110222329326e-05
2.830193132800070899e+00 9.227747937032244668e-05
2.822905853656761277e+00 9.252035097711508948e-05
2.808741289080797454e+00 9.299900374539529216e-05
2.787452042603960845e+00 9.372391020657717985e-05
2.784979779974475989e+00 9.380873457195596345e-05
2.766324160941073362e+00 9.445773007181433047e-05
2.747572200571156031e+00 9.511505943344727217e-05
2.745356421005019421e+00 9.519381276123164309e-05
2.724547608979234870e+00 9.593904902991010032e-05
2.710677625811200642e+00 9.643957540103885754e-05
2.703896520247449864e+00 9.668769298364559639e-05
2.683401959323952646e+00 9.744330697109300347e-05
2.674270776466588728e+00 9.778253579329733642e-05
2.663062739784378241e+00 9.820471929166798620e-05
2.642877684197039390e+00 9.897085551184780182e-05
2.638345335815564852e+00 9.914419745635355270e-05
2.622845624054748193e+00 9.974524663391485754e-05
2.602965399707183991e+00 1.005220516132061787e-04
2.602895066691275794e+00 1.005248208130248369e-04
2.583235860293755071e+00 1.013096353561917596e-04
2.567946330713027692e+00 1.019246699126232132e-04
2.563655863676977731e+00 1.020996610161551012e-04
2.544224276376366056e+00 1.028982512829793993e-04
2.533460065594216104e+00 1.033440124814540944e-04
2.524939973502798640e+00 1.037016306689169808e-04
2.505801838693411554e+00 1.045114116195651905e-04
2.499428711560102379e+00 1.047831199740216327e-04
2.486808764046970488e+00 1.053271768951309249e-04
2.467959650059726950e+00 1.061463262701009259e-04
2.465769449969299920e+00 1.062422676249441278e-04
2.449253405561785613e+00 1.069754189777813544e-04
2.432568239146445599e+00 1.077217345015941160e-04
2.430688947653915744e+00 1.078069644227011684e-04
2.412265201644876011e+00 1.086489026154575086e-04
2.399823696342423318e+00 1.092218035574714070e-04
2.393981100989197142e+00 1.094948413625183848e-04
2.375835587225437973e+00 1.103500031401341206e-04
2.367572416377794475e+00 1.107427616863179454e-04
2.357827609914919798e+00 1.112125023196738850e-04
2.339956126580903906e+00 1.120805625217446364e-04
2.335781150651013327e+00 1.122848997769886861e-04
2.322220102648252293e+00 1.129578653363559387e-04
2.304618511383532020e+00 1.138380136305261139e-04
2.304410136479388971e+00 1.138485127690839869e-04
2.287150333835578309e+00 1.147302721436213938e-04
2.276319670264055794e+00 1.154338997093583567e-04
2.269814558776516389e+00 1.158623974434183418e-04
2.254445362318181267e+00 1.170413638089146954e-04
2.252610182643205228e+00 1.171841002453714468e-04
2.235536209479155989e+00 1.185222206344620091e-04
2.233649532138555660e+00 1.186712125011932939e-04
2.218591650876868382e+00 1.198769001228663683e-04
2.213053131690907449e+00 1.203237575007711950e-04
2.201775525920613319e+00 1.212463250686698419e-04
2.192640632570215686e+00 1.219993148629775100e-04
2.185086861129656111e+00 1.226306434495305381e-04
2.172410430247423641e+00 1.236982050443405769e-04
2.168524690401888222e+00 1.240300045050111814e-04
2.152360933951658506e+00 1.254207529638770417e-04
2.152088054957908891e+00 1.254445587430272151e-04
2.135776003285521529e+00 1.268784797201449562e-04
2.132515468979979900e+00 1.271672880652323910e-04
2.119587591084644007e+00 1.283283468573644538e-04
2.112849228889751796e+00 1.289381443796900251e-04
2.103521881212655931e+00 1.297939900851017496e-04
2.093358599812588317e+00 1.307336605900545645e-04
2.087577943630134492e+00 1.312755676264865915e-04
2.074042049456024550e+00 1.325541800954268038e-04
2.071754855347021529e+00 1.327732390520403537e-04
2.056051700369191604e+00 1.342892782082298381e-04
2.054914353408743288e+00 1.344000510768803697e-04
2.040467569645421531e+00 1.358303649894877763e-04
2.036044420482825412e+00 1.362716265640513853e-04
2.025001561014776463e+00 1.373886237430881920e-04
2.017342485384126860e+00 1.381692645026584619e-04
2.009652779154368130e+00 1.389639414595564228e-04
1.998807085482006363e+00 1.400933278229597387e-04
1.994420335527536725e+00 1.405564910720886334e-04
1.980436770666611501e+00 1.420441845091650510e-04
1.979303348332406953e+00 1.421664470221890885e-04
1.964300942450850407e+00 1.437971197097230429e-04
1.962245799457801310e+00 1.440222076698148817e-04
1.949412249397812325e+00 1.454473657374452038e-04
1.944225273506803520e+00 1.460277756091372351e-04
1.934636407271043357e+00 1.471147974190037139e-04
1.926354654688059664e+00 1.480612718994017067e-04
1.919972560701203701e+00 1.487984599319600379e-04
1.908591736796570792e+00 1.501230854542774423e-04
1.905419860802341159e+00 1.504974042380581806e-04
1.890987421057420681e+00 1.522136106032151263e-04
1.890977465122760437e+00 1.522148109805844887e-04
1.876644537596239282e+00 1.539561165962008622e-04
1.873563852495112814e+00 1.543332471668637052e-04
1.862420248493639185e+00 1.557164189052996878e-04
1.856295847997399662e+00 1.564824005335375132e-04
1.848303774374867814e+00 1.574958923640428572e-04
1.839181976002750130e+00 1.586614817367487901e-04
1.834294298041212024e+00 1.592947295520746865e-04
1.822220892036548356e+00 1.608709075338185177e-04
1.820391008488034590e+00 1.611131246949276425e-04
1.806593100857815770e+00 1.629534687585616401e-04
1.805420221054184093e+00 1.631111004855834677e-04
1.792899776393567235e+00 1.648172638529302994e-04
1.788787982000701771e+00 1.653824890372120895e-04
1.779310242392591501e+00 1.667069469742276842e-04
1.772360799262080899e+00 1.676855076001464227e-04
1.765823712160589309e+00 1.686188220924701253e-04
1.756079873227900157e+00 1.700205966351852694e-04
1.752439404966126046e+00 1.705516171841763658e-04
1.739943930508978109e+00 1.723882027367231785e-04
1.739156545995425462e+00 1.725055441426192986e-04
1.725974366307520436e+00 1.744850463033982026e-04
1.723967039633377940e+00 1.747887787181637309e-04
1.712892102789740800e+00 1.764878842408649563e-04
1.708138263460352357e+00 1.772227836985217596e-04
1.699908998113533132e+00 1.785126672349584480e-04
1.692450396603424778e+00 1.796906831902312577e-04
1.687024300690626033e+00 1.805596180891175706e-04
1.676902212356946809e+00 1.821929491881771877e-04
1.674237264629512278e+00 1.826289615565201713e-04
1.661547149692274017e+00 1.847210498251557968e-04
1.661492908782410183e+00 1.847300602599650967e-04
1.648953221251730161e+00 1.868421458016040235e-04
1.646240753836250015e+00 1.873025016374496273e-04
1.636454750248907519e+00 1.889864954826130376e-04
1.631124356241355988e+00 1.899107653095367747e-04
1.624051013150842326e+00 1.911543351862916656e-04
1.616142534264725095e+00 1.925553501162784056e-04
1.611741291908684204e+00 1.933459033031142602e-04
1.601294116288185299e+00 1.952367618442779834e-04
1.599524873916136070e+00 1.955614403078087613e-04
1.587401051968200250e+00 1.978033082883251016e-04
1.586089376815983831e+00 1.979555133234228964e-04
1.575369124220235451e+00 1.992167998385986172e-04
1.563428394147335476e+00 2.006324109060181543e-04
1.562761103368325966e+00 2.007121245249660752e-04
1.551578170503996601e+00 2.020673317804993433e-04
1.539817767284108241e+00 2.035054811369940264e-04
1.539804455452200127e+00 2.035071226609719167e-04
1.528146503681239388e+00 2.049659782634682384e-04
1.517241431830132381e+00 2.063410422851475736e-04
1.516563704049224359e+00 2.064275160305169764e-04
1.505068697863056748e+00 2.079059365627207781e-04
1.494978490397097071e+00 2.092144253950792353e-04
1.493660819680062923e+00 2.093873845235844479e-04
1.482339409101387284e+00 2.108847970737138307e-04
1.473012571539535021e+00 2.121278215358888208e-04
1.471103810733758399e+00 2.123857520816461130e-04
1.459953374151548910e+00 2.139040167118197032e-04
1.451369151156962856e+00 2.150817879053397094e-04
1.448887453859127206e+00 2.154270228518698064e-04
1.437905409253481759e+00 2.169664299358008510e-04
1.430043498278264158e+00 2.180768894604002343e-04
1.427006604587142347e+00 2.185118102893169082e-04
1.416190408931375266e+00 2.200726542442905010e-04
1.409030951274254928e+00 2.211136990252948373e-04
1.405456196139657665e+00 2.216407366146105884e-04
1.394803344811436308e+00 2.232233159577928750e-04
1.388326916842281822e+00 2.241927974010595273e-04
1.384231238256145691e+00 2.248144329391049418e-04
1.373739264457513487e+00 2.264190503446352008e-04
1.367926869005678725e+00 2.273147734766199374e-04
1.363326816038130662e+00 2.280335393918406987e-04
1.352993290224288714e+00 2.296605017487192261e-04
1.347826348127826757e+00 2.304802243414216627e-04
1.342738088811089803e+00 2.312987052483113089e-04
1.332560618127810681e+00 2.329483237190919172e-04
1.328020959940675816e+00 2.336897553996231482e-04
1.322460289003538181e+00 2.346105890610663148e-04
1.312436516733063829e+00 2.362831791413691116e-04
1.308506374587459220e+00 2.369439804858825189e-04
1.302488721043030928e+00 2.379698587921812603e-04
1.292616326058350973e+00 2.396657403710312638e-04
1.289278325679410031e+00 2.402435219827566706e-04
1.282818760268856328e+00 2.413784777974209233e-04
1.273095456496221800e+00 2.431018672319123293e-04
1.270370216921355100e+00 2.435890109397315442e-04
1.263445851861129565e+00 2.448441589965509265e-04
1.253869387750682796e+00 2.465932987951416529e-04
1.251762355699264306e+00 2.469810871939159998e-04
1.244365509786073076e+00 2.483613959668056251e-04
1.234933667790479195e+00 2.501348932499687845e-04
1.233426792667344341e+00 2.504203994924105651e-04
1.225573315757224169e+00 2.519291114148182009e-04
1.216283911818163421e+00 2.537273053704538909e-04
1.215359547230490778e+00 2.539076056163834787e-04
1.207064918212317206e+00 2.555480291553847852e-04
1.197915801254744395e+00 2.573712636947226868e-04
1.197556696920376806e+00 2.574433725068748418e-04
1.188836031305638086e+00 2.592188833734984524e-04
1.180015822284648852e+00 2.610283763923487211e-04
1.179825082739672792e+00 2.610680521092728309e-04
1.170882433915573007e+00 2.629424187728098905e-04
1.162734285630643294e+00 2.646633029180280061e-04
1.162007567145914688e+00 2.648189227429676449e-04
1.153199968667161679e+00 2.667193907262089885e-04
1.145705594009709172e+00 2.683488472770237821e-04
1.144459128609916609e+00 2.686236326540997958e-04
1.135784540969409617e+00 2.705505654285603537e-04
1.128926051894717952e+00 2.720857143432943502e-04
1.127175703576204224e+00 2.724829539529421908e-04
1.118632118067126591e+00 2.744367200516257188e-04
1.112392017711810288e+00 2.758746188064563885e-04
1.110153289856419034e+00 2.763976698133185830e-04
1.101738728107102938e+00 2.784292554986444448e-04
1.096618503317345450e+00 2.797162853084688566e-04
1.093387945702567254e+00 2.805396326259744521e-04
1.085100459218369950e+00 2.826679321679468997e-04
1.081454303543470497e+00 2.836114485822271557e-04
1.076875788894250618e+00 2.848127302978416871e-04
1.068713458606361799e+00 2.869706672783430392e-04
1.066498017514697860e+00 2.875608535920806631e-04
1.060612995839700590e+00 2.891538805495599178e-04
1.052573931660757633e+00 2.913498599836152362e-04
1.051791543835542964e+00 2.915652556763108838e-04
1.044595800690371057e+00 2.935738701568270078e-04
1.037301948666248919e+00 2.956254206915940176e-04
1.036678141076784243e+00 2.958032067207287783e-04
1.028820494468913216e+00 2.980606454323777937e-04
1.023014868343357531e+00 2.997421251594704385e-04
1.021022405989807424e+00 3.003253149427633785e-04
1.013283424210320360e+00 3.026076552842532760e-04
1.008882713168551604e+00 3.039161564148615269e-04
1.005603101122975129e+00 3.049044495582713533e-04
9.979809921160306407e-01 3.072188728927732521e-04
9.949432610865591720e-01 3.081483127566470828e-04
9.904166559477427523e-01 3.095525826865659288e-04
9.829096547208207024e-01 3.118992353092644000e-04
9.811947403730317818e-01 3.124394036003443564e-04
9.754595538570763891e-01 3.142710439625294450e-04
9.680659220722690472e-01 3.166503746793981563e-04
9.676345633066502083e-01 3.167902496329126562e-04
9.607283313511358891e-01 3.190608907304809351e-04
9.542663923528968972e-01 3.212016829697095037e-04
9.534463569226155899e-01 3.214771377354358754e-04
9.462195772352594014e-01 3.239231961448199451e-04
9.410845010170013625e-01 3.256745473136400735e-04
9.390475739328252303e-01 3.263789286356633189e-04
9.319299318300617863e-01 3.288590494053111445e-04
9.280831160280293979e-01 3.302096981165152621e-04
9.248662388886713659e-01 3.313548985336991722e-04
9.178560861934578208e-01 3.338695559958594714e-04
9.152597917651775772e-01 3.348080027426607232e-04
9.108990679286563807e-01 3.364061628346296548e-04
9.039947813544373378e-01 3.389558379268212953e-04
9.026121153071121617e-01 3.394703406348056549e-04
8.971428267835956927e-01 3.415338536239150816e-04
8.903428075584101098e-01 3.441190339809080834e-04
8.901377060020952969e-01 3.441976034822747570e-04
8.835943300276816181e-01 3.467440990627426679e-04
8.778731720236228053e-01 3.489906953915329624e-04
8.768970035239469496e-01 3.493794322317367068e-04
8.702504403408595213e-01 3.520464897568871825e-04
8.657886682981269511e-01 3.538505330590944326e-04
8.636542557107487195e-01 3.547255651068207836e-04
8.571080677823431637e-01 3.574297624949913368e-04
8.538689484374388794e-01 3.587780459468460181e-04
8.506114975986660554e-01 3.601528415373401147e-04
8.441641690750998350e-01 3.628946959762604542e-04
8.421117914212599143e-01 3.637741764598115832e-04
8.377657089776101573e-01 3.656624847315364819e-04
8.314157469011446144e-01 3.684425206109854948e-04
8.305150057307628675e-01 3.688398801263864679e-04
8.251139152481854477e-01 3.712557362298852387e-04
8.190780830982923311e-01 3.739761257810909315e-04
8.188598492074731228e-01 3.740758549375640743e-04
8.126531867328853354e-01 3.769338561784619807e-04
8.078038589860015994e-01 3.791838957498594909e-04
8.064935685224782214e-01 3.798003235333884098e-04
8.003806379976887708e-01 3.826981236063697151e-04
7.966833544460756311e-01 3.844641860379152134e-04
7.943140412826890095e-01 3.856116835872580389e-04
7.882934271839039386e-01 3.885498367072794937e-04
7.857144978437073934e-01 3.898180065202618157e-04
7.823184471696782438e-01 3.915112450254677832e-04
7.763887553501005456e-01 3.944903131251560114e-04
7.748952450569559502e-01 3.952463811348209456e-04
7.705040084569818593e-01 3.975003374071008067e-04
7.660679677579829150e-01 4.007503480782702104e-04
7.646638658239801600e-01 4.017933711340751935e-04
7.588849472498502280e-01 4.063309600045972953e-04
7.588679893668839327e-01 4.063444607021580611e-04
7.531160435640363859e-01 4.109587380445975011e-04
7.518411491590456519e-01 4.119892842264255735e-04
7.474076954369138770e-01 4.156254603657725004e-04
7.448693095612262116e-01 4.177264029191435162e-04
7.417426145308514407e-01 4.203576633181410832e-04
7.379857195717015594e-01 4.235434133278700520e-04
7.361204728959094279e-01 4.251450502769736476e-04
7.311578597698314974e-01 4.294414279773124134e-04
7.305409450678923555e-01 4.299810203656822464e-04
7.250037080495049802e-01 4.348612262308254508e-04
7.243727376735344947e-01 4.354215748845361518e-04
7.195084412916545880e-01 4.398015878682345328e-04
7.176530728085984689e-01 4.414849977747040762e-04
7.140548266748967254e-01 4.447952156303900621e-04
7.109936573271535831e-01 4.476328562998199505e-04
7.086425484910157113e-01 4.498426350022979164e-04
7.043939639430165656e-01 4.538663262605110472e-04
7.032712934247521419e-01 4.549443757749417486e-04
6.979407505356620689e-01 4.601021480882466286e-04
6.978541314576361954e-01 4.601865998309109763e-04
6.926506112401180637e-01 4.653305684581747568e-04
6.913813509555229997e-01 4.665948857866618728e-04
6.874005692934465062e-01 4.706153829801220821e-04
6.849666007666852519e-01 4.730924097360995309e-04
6.821903207721966567e-01 4.759571483977253657e-04
6.786093730607023478e-01 4.796804143546572088e-04
6.770195640565488393e-01 4.813564260245998790e-04
6.723091643716055943e-01 4.863601596225268107e-04
6.718879998128526321e-01 4.868137817636592358e-04
6.667953309762980618e-01 4.923408165323852909e-04
6.660710076018337977e-01 4.931329230656409258e-04
6.617412627337210251e-01 4.979337871065521275e-04
6.598919360672963474e-01 4.999999999999999020e-04
6.567255025065329432e-01 5.035870532279933037e-04
6.537682684000273303e-01 5.069627037794075973e-04
6.517477599337873073e-01 5.093018972323886274e-04
6.477068411295716643e-01 5.140223660466548394e-04
6.468077468553676823e-01 5.150903914823756541e-04
6.419051772953072721e-01 5.209585854770665356e-04
6.417213197085411824e-01 5.211803369882004678e-04
6.370397674452354941e-01 5.269054084845983983e-04
6.357960350075360090e-01 5.284379855924019450e-04
6.322112356479449025e-01 5.329168326469012210e-04
6.299237058607163320e-01 5.357966999113355448e-04
6.274193023810902270e-01 5.389935039688589216e-04
6.241038699132067658e-01 5.432578873262691082e-04
6.226636902410033203e-01 5.451360739198598095e-04
6.183360687767536223e-01 5.508229748168283523e-04
6.179441239266360020e-01 5.513451994607132057e-04
6.132603302236238063e-01 5.576335174143036552e-04
6.126247026205580148e-01 5.584934092339112650e-04
6.086120379884671916e-01 5.639974284142123097e-04
6.069673186083255345e-01 5.662706575764056647e-04
6.039989781328382046e-01 5.704304449175696089e-04
6.013605005968470918e-01 5.741562072717554602e-04
5.994208836080000546e-01 5.769332574986020448e-04
5.958038070640097050e-01 5.821515664604382792e-04
5.948774893893495896e-01 5.835065625638604248e-04
5.903685324610750129e-01 5.901525347081801147e-04
5.902973439798999689e-01 5.902582642844027110e-04
5.858937518009287304e-01 5.968895823957942126e-04
5.848470405420564955e-01 5.984778511795213257e-04
5.814528883651187696e-01 6.036822453000236996e-04
5.794283999641038907e-01 6.068118991721201854e-04
5.770456850733106657e-01 6.105425464408911762e-04
5.740542782947057887e-01 6.152620021796307084e-04
5.726718867937470314e-01 6.174733319110252503e-04
5.687283357317994836e-01 6.238297763154347945e-04
5.683312403284768166e-01 6.244787508417788680e-04
5.640234943986978111e-01 6.315802376338167795e-04
5.634603025866776749e-01 6.325168601979517819e-04
5.597483996302115017e-01 6.387881957067491432e-04
5.582583363901160167e-01 6.413249152640299044e-04
5.555057085389849547e-01 6.460763116407034629e-04
5.531028569293228170e-01 6.502556260867041558e-04
5.512951755168259416e-01 6.534435356690785094e-04
5.479934583567230844e-01 6.593107006973741207e-04
5.471165568171628690e-01 6.608906577273871178e-04
5.429696105409356210e-01 6.684194824499304407e-04
5.429300405235555349e-01 6.684918709124732222e-04
5.388540966225920936e-01 6.760521410863289376e-04
5.371318037549324131e-01 6.778008926646843539e-04
5.347697768161898679e-01 6.802326037175454804e-04
5.326423309764304337e-01 6.778008926646843539e-04
5.307164146816059080e-01 6.756297675167529174e-04
5.266937755708469560e-01 6.710603288097244726e-04
5.244498092608831374e-01 6.684918709124732222e-04
5.227016266144673962e-01 6.665183718810259233e-04
5.187397367080885946e-01 6.620116905482937870e-04
5.163832544685300618e-01 6.593107006973741207e-04
5.148078764990186018e-01 6.575298088602121119e-04
5.109058183729775493e-01 6.530850229823407203e-04
5.084407303669333800e-01 6.502556260867041558e-04
5.070333364409189691e-01 6.486624231053090802e-04
5.031902065259538093e-01 6.442786826005978719e-04
5.006203304762790740e-01 6.413249152640299044e-04
4.993762061503737582e-01 6.399145815674061027e-04
4.955911145227703818e-01 6.355910480293073313e-04
4.929201776123288692e-01 6.325168601979517819e-04
4.918347125252555685e-01 6.312846731973800795e-04
4.881067827007750104e-01 6.270205197341499745e-04
4.853384234363877781e-01 6.238297763154347945e-04
4.844071092405204948e-01 6.227708124940849535e-04
4.807354779714375637e-01 6.185638209109473257e-04
4.778758929298619340e-01 6.152620021796307084e-04
4.770916763438252661e-01 6.143688489369424554e-04
4.734754934190336662e-01 6.102188815715981016e-04
4.705292320910996473e-01 6.068118991721201854e-04
4.698867198572513337e-01 6.060791184760963742e-04
4.663251479053868165e-01 6.019861474010970714e-04
4.632954804037187624e-01 5.984778511795213257e-04
4.627905713850430369e-01 5.979012063404979312e-04
4.592827856805799525e-01 5.938644487600225688e-04
4.561729031162903292e-01 5.902582642844027110e-04
4.558015877272711402e-01 5.898336047368218189e-04
4.523467759995469795e-01 5.858522886060876919e-04
4.491597921225702339e-01 5.821515664604382792e-04
4.489181504993290384e-01 5.818748261963201454e-04
4.455155127444528351e-01 5.779481900739252441e-04
4.422544655523581447e-01 5.741562072717554602e-04
4.421386657571763634e-01 5.740234033009500390e-04
4.387874140527786571e-01 5.701506962032464824e-04
4.354615636282418434e-01 5.662779891055436847e-04
4.354553150920060234e-01 5.662706575764056647e-04
4.321609219510210709e-01 5.624583696706598069e-04
4.288852979478992578e-01 5.586388509281255696e-04
4.287615123866906908e-01 5.584934092339112650e-04
4.256345019939247742e-01 5.548697925250976751e-04
4.224083459014354447e-01 5.511027316406768998e-04
4.221705747882237847e-01 5.508229748168283523e-04
4.192066429091632074e-01 5.473835659268118424e-04
4.160292076714230958e-01 5.436682424362106192e-04
4.156809220178132591e-01 5.432578873262691082e-04
4.128758562473840987e-01 5.399983098898815262e-04
4.097464060904197347e-01 5.363340132237727357e-04
4.092909980669149905e-01 5.357966999113355448e-04
4.066406760375419482e-01 5.327126630281884146e-04
4.035584862989119448e-01 5.290986923763120811e-04
4.029992708245870303e-01 5.284379855924019450e-04
4.004996584474339039e-01 5.255252823048137427e-04
3.974640154084245203e-01 5.219609464819476366e-04
3.968042317105636152e-01 5.211803369882004678e-04
3.944513814493627590e-01 5.184348427848140678e-04
3.914615821697172704e-01 5.149194600985796452e-04
3.907043953139655579e-01 5.140223660466548394e-04
3.884944444908492445e-01 5.114400373913206670e-04
3.855497966459940917e-01 5.079729355118061318e-04
3.846982990375552580e-01 5.069627037794075973e-04
3.826274681703169533e-01 5.045395766649269937e-04
3.797272898910450389e-01 5.011200924961041730e-04
3.787845027474510684e-01 4.999999999999999020e-04
3.768490939176745158e-01 4.977321885263185502e-04
3.739927136322506174e-01 4.943596680792217059e-04
3.717437335075929328e-01 4.999999999999999020e-04
3.711579836797231913e-01 5.014894887256072208e-04
3.698143402023949533e-01 5.069627037794075973e-04
3.683447399583730797e-01 5.130323543013435433e-04
3.681068525022903604e-01 5.140223660466548394e-04
3.664105038422743044e-01 5.211803369882004678e-04
3.655528196103132177e-01 5.248498484015427876e-04
3.647205119563011189e-01 5.284379855924019450e-04
3.630370210076284687e-01 5.357966999113355448e-04
3.627820610120609524e-01 5.369266758768964035e-04
3.613643578086237484e-01 5.432578873262692166e-04
3.600323037651809721e-01 5.492894431096798135e-04
3.596961941614040259e-01 5.508229748168283523e-04
3.580381270036550045e-01 5.584934092339112650e-04
3.573033886870006226e-01 5.619397366813013708e-04
3.563870583456798524e-01 5.662706575764056647e-04
3.547415587392869218e-01 5.741562072717554602e-04
3.545951578013942229e-01 5.748675584501237740e-04
3.531074217604065479e-01 5.821515664604382792e-04
3.519074543296381030e-01 5.881084621504880728e-04
3.514776768856550659e-01 5.902582642844027110e-04
3.498570273314651757e-01 5.984778511795213257e-04
3.492401226813354187e-01 6.016502291607731629e-04
3.482439858018180900e-01 6.068118991721201854e-04
3.466356201870374187e-01 6.152620021796307084e-04
3.465930084454075244e-01 6.154894893614762429e-04
3.450449612220486406e-01 6.238297763154347945e-04
3.439659583811570664e-01 6.297539192034409426e-04
3.434665402110803623e-01 6.325168601979517819e-04
3.418962976526874753e-01 6.413249152640299044e-04
3.413588204093952472e-01 6.443818021175638528e-04
3.403338830830919814e-01 6.502556260867041558e-04
3.387755423972509949e-01 6.593107006973741207e-04
3.387714436036387555e-01 6.593347172791528751e-04
3.372212990197783755e-01 6.684918709124732222e-04
3.362036781813730335e-01 6.745674838149097333e-04
3.356662107108895898e-01 6.778008926646843539e-04
3.341188356011243199e-01 6.872395463387682502e-04
3.336553754953804907e-01 6.901059200149257814e-04
3.325796761763599729e-01 6.968096371120709480e-04
3.311263880251363312e-01 7.059925935355896133e-04
3.310446538592112242e-01 7.065129952997667179e-04
3.295206469423681006e-01 7.163514767049153961e-04
3.286165693682678857e-01 7.222691751919756110e-04
3.280013388664707596e-01 7.263269629733904928e-04
3.264888833726834472e-01 7.364413619537508310e-04
3.261257742320794462e-01 7.389034334767743961e-04
3.249851395099371265e-01 7.466966080621258595e-04
3.236538584251422712e-01 7.559190002136541514e-04
3.234854342283108308e-01 7.570946626521759008e-04
3.219958195774074716e-01 7.676375143902112487e-04
3.212006788489458753e-01 7.733435459501313610e-04
3.205114687884924041e-01 7.783271796355309413e-04
3.190331448796668856e-01 7.891657028260589454e-04
3.187660934896155984e-01 7.911607747175376879e-04
3.175729519525313793e-01 8.001551568693499603e-04
3.163499614096903501e-01 8.095187740650524634e-04
3.161193827043212168e-01 8.112976435390434468e-04
3.146750832835625289e-01 8.225952938768310400e-04
3.139521427399640241e-01 8.283290534659237900e-04
3.132362515030573391e-01 8.340502686000293969e-04
3.118028993512671487e-01 8.456647585148242873e-04
3.115724986713892530e-01 8.475576991786226352e-04
3.103786651379946138e-01 8.574409849352694147e-04
3.092108914470407255e-01 8.672431558664764817e-04
3.089581079203964631e-01 8.693812001081250738e-04
3.075464020064166970e-01 8.814876876436027837e-04
3.068671843541411204e-01 8.873936258067805210e-04
3.061402480894137024e-01 8.937627629521175928e-04
3.047392423973707132e-01 9.062087736871186384e-04
3.045412417161467711e-01 9.079805051181149417e-04
3.033387342798350428e-01 9.188281001940851308e-04
3.022329288848930595e-01 9.289283343824738387e-04
3.019401276233997233e-01 9.316231559657798091e-04
3.005499025732377705e-01 9.445963881038331629e-04
2.999421122328003175e-01 9.503471167988265106e-04
2.991656080961235809e-01 9.577502777867636947e-04
2.977859204506937418e-01 9.710873407445130443e-04
2.976686591451372377e-01 9.722366586086380246e-04
2.964158015418409953e-01 9.846101277395855316e-04
2.954124380123449578e-01 9.946575367841207615e-04
2.950493445682099702e-01 9.983212250548965244e-04
2.936917129589994291e-01 1.012223254988401733e-03
2.931733182224171563e-01 1.017637456115413072e-03
2.923488769306407664e-01 1.026318876354626042e-03
2.910102696558689028e-01 1.040610784993169398e-03
2.909511701533395445e-01 1.041250559427713430e-03
2.896813605887741949e-01 1.055101714284296987e-03
2.887458651655862574e-01 1.065448252444496820e-03
2.883558780128857579e-01 1.069794435671710510e-03
2.870374861550778478e-01 1.084691759192592080e-03
2.865572755946721450e-01 1.090193516761354562e-03
2.857254474093570140e-01 1.099796534015037158e-03
2.844170484865778947e-01 1.115111648982969154e-03
2.843852747437634609e-01 1.115488747188148793e-03
2.831183259224652748e-01 1.130640033168638439e-03
2.822297368763422298e-01 1.141414539608146895e-03
2.818229510306596852e-01 1.146384656432824188e-03
2.805343113235053698e-01 1.162348529992823830e-03
2.800905372089284029e-01 1.167922629820062046e-03
2.792520753929859101e-01 1.178534706998363678e-03
2.779732031102830625e-01 1.194946283115525063e-03
2.779675519038553033e-01 1.195019814085338493e-03
2.767039813843683027e-01 1.211586397118798956e-03
2.758606580621013049e-01 1.222797118875741575e-03
2.754380303242658368e-01 1.228458231491394827e-03
2.741780804485131062e-01 1.245565013033893970e-03
2.737697337161754119e-01 1.251149780760068804e-03
2.729163672928360262e-01 1.262910013481392119e-03
2.716946578230555187e-01 1.279980830656944927e-03
2.716580290118063568e-01 1.280496550129229605e-03
2.704124685087579416e-01 1.298327986467434809e-03
2.696353102571827365e-01 1.309653354066247274e-03
2.691753310171221547e-01 1.316407732824009715e-03
2.679440841048832400e-01 1.334739247017160133e-03
2.675915718035061786e-01 1.340060739682659430e-03
2.667194976842287013e-01 1.353326035016620427e-03
2.655633241505819808e-01 1.371157727050231019e-03
2.654980814726057292e-01 1.372171651614182471e-03
2.642854286395907581e-01 1.391279701103562833e-03
2.635504498837248910e-01 1.403022203674944828e-03
2.630763964038885239e-01 1.410653837969735262e-03
2.618729350422110969e-01 1.430297767587870731e-03
2.615528324782099845e-01 1.435595516572188250e-03
2.606203213866316037e-01 1.450215246931995609e-03
2.595703562925283370e-01 1.466905626902874349e-03
2.592161971902545714e-01 1.470410085293531906e-03
2.576029065616916580e-01 1.486596144206965998e-03
2.571785562423036242e-01 1.490886145009836464e-03
2.556503693905887720e-01 1.506550600565288419e-03
2.551569122491045838e-01 1.511647342202888065e-03
2.537126317473927806e-01 1.526772528570078356e-03
2.531511397727349566e-01 1.532697647528263180e-03
2.517895814570169088e-01 1.547265508016882826e-03
2.511611143577801020e-01 1.554041086934531985e-03
2.498811071946215323e-01 1.568033166534178301e-03
2.491867125236470470e-01 1.575681742433239453e-03
2.479870984791687216e-01 1.589079180221377938e-03
2.472278117569356448e-01 1.597623752879606587e-03
2.461074456670271360e-01 1.610407274295324199e-03
2.452842905038714605e-01 1.619871314764097540e-03
2.442420399456248781e-01 1.632048497857798916e-03
2.433612444887990056e-01 1.642428683015021524e-03
2.423907733271497278e-01 1.654032245262745168e-03
2.414555163190800768e-01 1.665300171812293976e-03
2.405535386422986144e-01 1.676318477864186147e-03
2.395646962833598570e-01 1.688490155412545202e-03
2.387302295340726910e-01 1.698904655278801051e-03
2.376886678709411449e-01 1.712003068985712678e-03
2.369207404516210091e-01 1.721763588528918594e-03
2.358218882924838500e-01 1.735843409463279190e-03
2.351249666441301844e-01 1.744886195366148352e-03
2.339677807641495910e-01 1.760015736398339199e-03
2.333428041547599974e-01 1.768300734197210617e-03
2.321282319811719397e-01 1.784524672837614623e-03
2.315741498146257349e-01 1.792029023966410558e-03
2.303031277636792273e-01 1.809374906205639920e-03
2.298189012368256623e-01 1.816075262416564067e-03
2.284923548262706994e-01 1.834571189201247019e-03
2.280769568105135703e-01 1.840443703359411279e-03
2.266958007710167255e-01 1.860118340706532879e-03
2.263482156950173407e-01 1.865138657423167463e-03
2.249133540805137721e-01 1.886021246708498560e-03
2.246325778140002838e-01 1.890164492810030581e-03
2.231449041109938580e-01 1.912284861233499436e-03
2.229299438496686880e-01 1.915525636063745464e-03
2.213903410854871634e-01 1.938914207294728607e-03
2.212402152370216701e-01 1.941226572847408070e-03
2.196495560870395658e-01 1.965914377852884861e-03
2.195632941581453779e-01 1.967271848731607167e-03
2.179224410519806365e-01 1.993290536790219038e-03
2.178990835365509915e-01 1.993666069993023371e-03
2.162474870315539421e-01 2.020422612089806808e-03
2.162092152116486810e-01 2.021047919898152651e-03
2.146084090326977611e-01 2.047637158021251621e-03
2.145155255651187420e-01 2.049191835878630321e-03
2.129817546542184525e-01 2.075221495889939712e-03
2.128352003936761494e-01 2.077727667359437376e-03
2.113674297295519144e-01 2.103177008447779713e-03
2.111680236228153096e-01 2.106660871923644179e-03
2.097653408058830216e-01 2.131508684141039667e-03
2.095138924685157888e-01 2.135996983153387943e-03
2.081753951387347590e-01 2.160221578371208928e-03
2.078727049495001367e-01 2.165741611688198898e-03
2.065975006866003771e-01 2.189320814392411822e-03
2.062443598809715062e-01 2.195900446298042555e-03
2.050315661056141270e-01 2.218811584220829487e-03
2.046287568683970437e-01 2.226479254971327430e-03
2.034775007442639616e-01 2.248699149556300774e-03
2.030257963013424316e-01 2.257483886018050827e-03
2.019352146381437896e-01 2.278988842716228418e-03
2.014353793473521170e-01 2.288920269188307773e-03
2.004046185047449469e-01 2.309686067582031148e-03
1.998574079458791952e-01 2.320794416806388170e-03
1.988856237382884973e-01 2.340796300558209420e-03
1.982917848022618668e-01 2.353112424920640426e-03
1.973781424045947808e-01 2.372325091544280184e-03
1.967384133817463299e-01 2.385880474469372590e-03
1.958820872359940679e-01 2.404217304274227501e-03
1.951924052214337735e-01 2.419104832462978371e-03
1.943973716262737128e-01 2.436491972981408381e-03
1.936577026648413635e-01 2.452791853182522634e-03
1.929239096256650243e-01 2.469187426639657488e-03
1.921350511063133482e-01 2.486947979395030990e-03
1.914616159358678016e-01 2.502327210999685109e-03
1.906256971365947184e-01 2.521579743585679496e-03
1.900104059051118677e-01 2.535977222366014080e-03
1.891317733092948705e-01 2.556693769207162882e-03
1.885701955232573224e-01 2.570119130496700301e-03
1.876495446655737087e-01 2.592296771946456420e-03
1.871409014169305163e-01 2.604720149565138958e-03
1.861789197422011322e-01 2.628395561009212126e-03
1.857224408446979946e-01 2.639786445489619021e-03
1.847198077905643498e-01 2.664997040422043429e-03
1.843147316922767454e-01 2.675324266884852517e-03
1.832721187710893984e-01 2.702108210352957215e-03
1.829176924677800853e-01 2.711339946169503967e-03
1.818357633477064861e-01 2.739736168450143151e-03
1.815312422970008499e-01 2.747839900688451090e-03
1.803707187264750600e-01 2.777888111199438605e-03
1.801553009187288334e-01 2.783543367021612189e-03
1.788724610651064584e-01 2.816571335300678634e-03
1.787897886801050884e-01 2.818729456783703163e-03
1.774346265320106419e-01 2.854375474464919751e-03
1.773811356156564933e-01 2.855793239063214237e-03
1.760897360244901289e-01 2.890498134520341506e-03
1.759027583583200049e-01 2.895561323820878587e-03
1.747550393022109239e-01 2.927073328243062593e-03
1.744366015222166832e-01 2.935883195366627198e-03
1.734304590999553863e-01 2.964106654267596036e-03
1.729825647887269779e-01 2.976766565407184661e-03
1.721159187381485212e-01 3.001603779401025747e-03
1.715405486579148486e-01 3.018219253037934726e-03
1.708113421184190572e-01 3.039570439436003330e-03
1.701104544418805542e-01 3.060249186238347789e-03
1.695166537191935552e-01 3.078012439973161398e-03
1.686921842581662612e-01 3.102864403388249336e-03
1.682317785913253205e-01 3.116958783771868555e-03
1.672887820205259946e-01 3.146073054805171784e-03
1.669566423537548472e-01 3.156477409341864639e-03
1.658983012102740462e-01 3.189883404303140574e-03
1.656911711892042616e-01 3.196512400758382520e-03
1.645192881896399562e-01 3.234303830773163808e-03
1.644352918399042962e-01 3.237050304766056139e-03
1.631889316033528770e-01 3.278114469838919881e-03
1.631519315883209476e-01 3.279342829785713859e-03
1.619520183281069614e-01 3.319733364733593647e-03
1.617964783875858459e-01 3.325009015215558712e-03
1.607244804096051582e-01 3.361762207412175452e-03
1.604481908450318406e-01 3.371311120889171169e-03
1.595062467860229594e-01 3.404294123237414614e-03
1.591104824379796778e-01 3.418258002255119242e-03
1.582972469341590305e-01 3.447351219190545463e-03
1.577838348273206126e-01 3.465858638077703134e-03
1.570974108653521717e-01 3.490947339941875317e-03
1.564681571919548375e-01 3.514122132154172320e-03
1.559066691214303357e-01 3.535089148269558897e-03
1.551633594521114046e-01 3.563057715055872269e-03
1.547249527706890948e-01 3.579783387989521164e-03
1.538693522633292066e-01 3.612674745893607042e-03
1.535521934039015823e-01 3.625036884920361264e-03
1.525860470104840327e-01 3.662982714107614578e-03
1.523883231303583830e-01 3.670856547859461909e-03
1.513133558018658342e-01 3.713991241282458243e-03
1.512332745739368711e-01 3.717249369570380969e-03
1.500869808692014973e-01 3.764242859467138626e-03
1.500514627340990836e-01 3.765710082987183335e-03
1.489493756575323291e-01 3.811870321177826711e-03
1.488006037818873362e-01 3.818149130641120166e-03
1.478203930832838742e-01 3.860116723577640321e-03
1.475609572647808565e-01 3.871318413405634273e-03
1.466999677899729349e-01 3.909071174997026492e-03
1.463342858650043543e-01 3.925228100102253967e-03
1.455880349164945520e-01 3.958658850078073353e-03
1.451177324042659533e-01 3.979888501157492244e-03
1.444845300933679244e-01 4.008869547069937068e-03
1.439112139753234432e-01 4.035310070574748588e-03
1.433893894390094459e-01 4.059711001748701580e-03
1.427146483464638016e-01 4.091503407933694443e-03
1.423025495560348852e-01 4.111191044523576817e-03
1.415279539560254096e-01 4.148479260417452415e-03
1.412239475275895439e-01 4.163317601572427869e-03
1.403510499069651751e-01 4.206248524868058843e-03
1.401535209137055593e-01 4.216098695990582595e-03
1.391838559614687332e-01 4.264822249870512012e-03
1.390912077476877673e-01 4.269542448952983599e-03
1.380369465325259060e-01 4.323664697260883212e-03
1.380263732890611716e-01 4.324211637865857903e-03
1.369906762373351850e-01 4.378533003563629851e-03
1.368791326117253238e-01 4.384428047293712459e-03
1.359523362938227786e-01 4.434091004939087581e-03
1.357413535317082975e-01 4.445482994764578602e-03
1.349218665927815752e-01 4.490347270061201268e-03
1.346129585280659846e-01 4.507388157262458457e-03
1.338992074806108490e-01 4.547310472504869153e-03
1.334938707114382561e-01 4.570155374378115538e-03
1.328842997558624117e-01 4.604989392005953176e-03
1.323840138189286142e-01 4.633796650573441395e-03
1.318770846658139095e-01 4.663310149561072232e-03
1.312804682910386767e-01 4.698324157477344783e-03
1.308775039030673493e-01 4.722285111067951388e-03
1.301854479398643627e-01 4.763750236213644754e-03
1.298854996021736874e-01 4.782000335124506063e-03
1.291017444892844646e-01 4.830087399761322405e-03
1.289010143362833982e-01 4.842579656301857979e-03
1.280276415541771184e-01 4.897348335347696813e-03
1.279239911138214669e-01 4.903938704935960347e-03
1.269624042292169519e-01 4.965545906874899856e-03
1.269543733751887782e-01 4.966067594687920660e-03
1.259921049894873468e-01 5.029054389835449328e-03
1.259169191991799108e-01 5.034693157380134773e-03
1.250371302512711946e-01 5.101594206802621129e-03
1.249952484716033707e-01 5.104803311530231938e-03
1.240893938773216937e-01 5.175179097783009358e-03
1.240803155629969928e-01 5.175889778150880895e-03
1.231722487056730181e-01 5.247966152791137991e-03
1.231488410034468906e-01 5.249849974941092276e-03
1.222708872458429102e-01 5.321046220323623344e-03
1.222154171813058521e-01 5.325607115873168262e-03
1.213761134150130039e-01 5.395143957580917152e-03
1.212890683752562426e-01 5.402456119901279802e-03
1.204878791335357580e-01 5.470273536028711324e-03
1.203697409592264234e-01 5.480412705706994188e-03
1.196061366721512254e-01 5.546449324476112816e-03
1.194573817136112548e-01 5.559492818019167240e-03
1.187308386494372453e-01 5.623685891823758734e-03
1.185519378221907283e-01 5.639712630861466215e-03
1.178619380292790508e-01 5.701998009850164743e-03
1.176533568690730225e-01 5.721088550846431010e-03
1.169993881183560291e-01 5.781400656036875772e-03
1.167615868356597364e-01 5.803637220516845614e-03
1.161431425636480497e-01 5.861909016432992336e-03
1.158765760976345760e-01 5.887375521735086804e-03
1.152931553499590978e-01 5.943538488559514839e-03
1.149982734219752722e-01 5.972433934020771398e-03
1.144534130608153427e-01 6.026304684354211877e-03
1.141266279639870651e-01 6.059065838504844315e-03
1.136202103169613453e-01 6.110223433157442770e-03
1.132615892643598909e-01 6.146955306012178225e-03
1.127930628703751742e-01 6.195310784739577019e-03
1.124031072462469694e-01 6.236117611107009837e-03
1.119719267953925568e-01 6.281583012370599642e-03
1.115511322123658722e-01 6.326571160093922078e-03
1.111567584843483891e-01 6.369056615932391571e-03
1.107056148421218938e-01 6.418311302061148124e-03
1.103472960127833691e-01 6.457748325074418906e-03
1.098665061887524330e-01 6.511140222663085349e-03
1.095400288958121027e-01 6.547675102413337556e-03
1.090337576764938560e-01 6.605114856530503245e-03
1.087386352078401897e-01 6.638854146777143847e-03
1.082073210977692185e-01 6.700441426635013464e-03
1.079430968932973689e-01 6.731302896494548507e-03
1.073871486103975814e-01 6.797142075522313170e-03
1.071533712297608187e-01 6.825039032730068414e-03
1.065731927348247121e-01 6.895236586966353026e-03
1.063694158060522477e-01 6.920080482865657509e-03
1.057654063513740056e-01 6.994745029278135601e-03
1.055911885199738581e-01 7.016445423929365197e-03
1.049637426975192633e-01 7.095687759393846245e-03
1.048186475760613801e-01 7.114152286071758619e-03
1.041681553651772202e-01 7.198085427021747723e-03
1.040517514833524115e-01 7.213219756090785348e-03
1.033785982980211238e-01 7.301958978848582804e-03
1.032904590531723565e-01 7.313666781005647224e-03
1.025950257888148115e-01 7.407329662806254149e-03
1.025347674901097295e-01 7.415512571680521470e-03
1.018173924767661748e-01 7.514648580183955207e-03
1.017877651131834371e-01 7.518776606498691131e-03
1.010466261592827125e-01 7.623478635087863747e-03
1.010456533449018562e-01 7.623617980105231416e-03
1.003110973979046139e-01 7.729638682097383397e-03
1.002797637174607376e-01 7.734224145296055182e-03
9.958091349908509970e-02 7.837277051027973646e-03
9.951967925730782760e-02 7.846432433402043827e-03
9.885603569537652902e-02 7.946414328114888292e-03
9.876535596336789846e-02 7.960266016439246362e-03
9.813642549995034436e-02 8.057071386265098750e-03
9.801675016807771812e-02 8.075748401104445445e-03
9.742204470457058174e-02 8.169269389049308230e-03
9.727381853485858598e-02 8.192903433602793939e-03
9.671285537758148032e-02 8.283029794749567284e-03
9.653651805560739541e-02 8.311755304545078923e-03
9.600881986190974715e-02 8.398374360463265256e-03
9.580480604820711121e-02 8.432328553915463196e-03
9.530990077308164332e-02 8.515325146264220157e-03
9.507864015405551039e-02 8.554648076110955845e-03
9.461606099725392016e-02 8.633904519421777696e-03
9.435797833561349046e-02 8.678739125053288456e-03
9.392726368925866098e-02 8.754135158678623754e-03
9.364277887397121081e-02 8.804627319374550010e-03
9.324347227066306920e-02 8.876040058588169010e-03
9.293300036643324658e-02 8.932232034143748611e-03
9.256354465948851695e-02 8.999642533912381726e-03
9.222860172412168656e-02 9.061416134620942087e-03
9.188663823674743381e-02 9.124966224080760871e-03
9.152954216959738321e-02 9.192252656458090726e-03
9.121469845585418457e-02 9.252035097711509490e-03
9.083578123449950747e-02 9.325230453182734719e-03
9.055021318834605148e-02 9.380873457195605669e-03
9.014727875720295047e-02 9.460478640013123691e-03
8.989095354888382294e-02 9.511505943344718272e-03
8.946399488049303073e-02 9.597685278602939227e-03
8.923648561582087080e-02 9.643957540103886839e-03
8.878589004925861727e-02 9.736878686510665182e-03
8.858677462542582925e-02 9.778253579329744538e-03
8.811292500820189222e-02 9.878087590184886010e-03
8.789940845365772082e-02 9.914419745635356246e-03
8.744506079956604339e-02 9.992808525922831919e-03
8.693262220720361644e-02 1.005248208130249399e-02
8.678225876088017932e-02 1.007023576024048891e-02
8.612448052272077270e-02 1.014849397313728752e-02
8.575767867425654334e-02 1.019246699126230907e-02
8.547168800649093678e-02 1.022722962134451838e-02
8.482384342221560569e-02 1.030657761175072726e-02
8.459839642492142375e-02 1.033440124814540874e-02
8.418090926635418692e-02 1.038664309978576047e-02
8.354284831962949243e-02 1.046709604329734873e-02
8.345457039491832596e-02 1.047831199740216490e-02
8.290962364487286518e-02 1.054851314010457619e-02
8.232634029979069012e-02 1.062422676249441360e-02
8.228119858488626426e-02 1.063016802181353422e-02
8.165753676031982378e-02 1.071287724657202581e-02
8.121380780921443054e-02 1.077217345015942136e-02
8.103860206756610673e-02 1.079591250719251147e-02
8.042435867667006855e-02 1.087977349161464713e-02
8.011610209324311616e-02 1.092218035574712975e-02
7.981477102925466083e-02 1.096421174155679315e-02
7.920980383646269996e-02 1.104924052436528047e-02
7.903302905903200615e-02 1.107427616863179524e-02
7.860942207691368200e-02 1.113510473607869956e-02
7.801359099467651548e-02 1.122131757934203937e-02
7.796439709457904377e-02 1.122848997769886926e-02
7.742227609725770010e-02 1.130882619665122754e-02
7.691393735730539527e-02 1.138485127690839864e-02
7.683544315360422983e-02 1.139675514099188804e-02
7.625305819212228886e-02 1.148574998738284905e-02
7.587871942293075711e-02 1.154338997093584673e-02
7.567508749871039442e-02 1.157518146301776511e-02
7.510149761480777730e-02 1.166541559891535497e-02
7.485722746171052933e-02 1.170413638089145766e-02
7.453225533545759784e-02 1.175636707926101462e-02
7.396732770738460860e-02 1.184785776227668778e-02
7.384928299626815351e-02 1.186712125011932933e-02
7.340668202708741652e-02 1.194035423842198379e-02
7.285474359768374930e-02 1.203237575007711987e-02
7.285028583894546939e-02 1.203312931607788266e-02
7.229810693334005889e-02 1.212718583078777231e-02
7.187427501763159199e-02 1.219993148629774926e-02
7.175011334478979819e-02 1.222153910789744793e-02
7.120627335010018544e-02 1.231690539790821978e-02
7.090680454094387686e-02 1.236982050443406755e-02
7.066655546652700348e-02 1.241286283795037769e-02
7.013092844995393038e-02 1.250955714241692995e-02
6.995216318815009049e-02 1.254207529638769192e-02
6.959936129308375019e-02 1.260710106548118721e-02
6.907182322364344151e-02 1.270514140101820441e-02
6.900995949079534453e-02 1.271672880652323888e-02
6.854828370260272752e-02 1.280409060677068812e-02
6.807782939711433390e-02 1.289381443796900305e-02
6.802871242240610128e-02 1.290331110393383787e-02
6.751307930521843748e-02 1.300376914155236194e-02
6.715855845462868901e-02 1.307336605900545623e-02
6.700135450118371860e-02 1.310465693284693783e-02
6.649350838669712549e-02 1.320651388958186435e-02
6.625152667105194126e-02 1.325541800954269274e-02
6.598951156269014517e-02 1.330910823615025565e-02
6.548933485292847412e-02 1.341238359252043197e-02
6.535657403275881017e-02 1.344000510768802135e-02
6.499294930232324408e-02 1.351681968385125623e-02
6.450032617525457146e-02 1.362182708212900800e-02
6.447550620077618921e-02 1.362716265640513680e-02
6.401143695390844324e-02 1.372832467001647988e-02
6.360806709997721131e-02 1.381692645026584738e-02
6.352625333662546836e-02 1.383514741579495132e-02
6.304474723626263266e-02 1.394320397747383922e-02
6.275230709257348383e-02 1.400933278229597560e-02
6.256689077856733561e-02 1.405184440025498971e-02
6.209265630056376439e-02 1.416140569359466972e-02
6.190788737891639304e-02 1.420441845091651931e-02
6.162201634895152214e-02 1.427189370242083408e-02
6.115494367851635055e-02 1.438298068142293204e-02
6.107417863546998893e-02 1.440222076698148904e-02
6.069141125055282915e-02 1.449467451058314080e-02
6.024680168827864502e-02 1.460277756091372253e-02
6.023139223129921754e-02 1.460657641393038088e-02
5.977485999038396891e-02 1.471998369631184050e-02
5.943070929084730281e-02 1.480612718994017002e-02
5.932178809928422697e-02 1.483377063806326675e-02
5.887215032979579987e-02 1.494875716307201077e-02
5.862552566801733367e-02 1.501230854542774489e-02
5.842592065251477063e-02 1.506445994340504212e-02
5.798307323533077873e-02 1.518104770263830304e-02
5.783110745719678009e-02 1.522136106032151263e-02
5.754358244193146649e-02 1.529869761399947105e-02
5.710742283031858962e-02 1.541690890529644198e-02
5.704731313795612102e-02 1.543332471668636997e-02
5.667456915133505663e-02 1.553653774013873806e-02
5.627422454831233073e-02 1.564824005335374926e-02
5.624499634720322300e-02 1.565650873519372835e-02
5.581867955007440568e-02 1.577803523048551537e-02
5.551192088113159062e-02 1.586614817367488009e-02
5.539559408058920831e-02 1.590002702310832142e-02
5.497571544644896946e-02 1.602324582437625322e-02
5.475980737888389016e-02 1.608709075338185523e-02
5.455901934099779971e-02 1.614733004476801362e-02
5.414548164181542944e-02 1.627251711062155382e-02
5.401911537478177455e-02 1.631111004855834851e-02
5.373507840932088830e-02 1.639916031045735717e-02
5.332778588538657216e-02 1.652638358242377106e-02
5.329008816869527237e-02 1.653824890372121090e-02
5.292358049196295433e-02 1.665521326086841225e-02
5.257112942587002097e-02 1.676855076001464162e-02
5.252243882971364963e-02 1.678442620454585754e-02
5.212433767666076190e-02 1.691521741909060572e-02
5.186201153739919412e-02 1.700205966351852824e-02
5.172925398684059123e-02 1.704662064095599852e-02
5.133716488896955532e-02 1.717923317646841141e-02
5.116232195606056771e-02 1.723882027367231937e-02
5.094804768512020687e-02 1.731286262097141149e-02
5.056187984940717361e-02 1.744732184008821949e-02
5.047193763762847923e-02 1.747887787181637287e-02
5.017863902668315973e-02 1.758321402802851680e-02
4.979830303124483520e-02 1.771954564657157033e-02
4.979073710399396085e-02 1.772227836985217422e-02
4.942084984554847432e-02 1.785773768418057530e-02
4.911915294421267952e-02 1.796906831902312512e-02
4.904625761893546126e-02 1.799632467273400496e-02
4.867450466636727424e-02 1.813645982124854547e-02
4.845649316583980348e-02 1.821929491881772029e-02
4.830556946717014938e-02 1.827721753877584177e-02
4.793943066378925782e-02 1.841883796809757820e-02
4.780052985568115920e-02 1.847300602599651065e-02
4.757606706055234058e-02 1.856170496588695554e-02
4.721545762244273164e-02 1.870529208634221646e-02
4.715325217819350823e-02 1.873025016374496241e-02
4.685758147388160988e-02 1.885053116457025349e-02
4.651471623211123757e-02 1.899107653095367942e-02
4.650241789751948657e-02 1.899618799584332218e-02
4.614994633303689392e-02 1.914380197862376731e-02
4.588517324438125267e-02 1.925553501162784176e-02
4.580014637595419824e-02 1.929191561825347248e-02
4.545299777645037120e-02 1.944168975537069466e-02
4.526467111129718612e-02 1.952367618442779618e-02
4.510848043819076780e-02 1.959274935145388294e-02
4.476657441716364733e-02 1.974510738395162182e-02
4.465423138755104243e-02 1.979555133234229061e-02
4.442725992052568712e-02 1.989888461160652447e-02
4.409051730545625325e-02 2.005336429180164248e-02
4.405190587853957673e-02 2.007121245249660763e-02
4.375632707802012966e-02 2.020974662159121665e-02
4.345784014392781169e-02 2.035071226609719286e-02
4.342466989203917771e-02 2.036659563897973840e-02
4.309552654797224602e-02 2.052540766041977688e-02
4.287195671549526993e-02 2.063410422851475606e-02
4.276887799180381644e-02 2.068491755997268339e-02
4.244470531394096968e-02 2.084561806338225062e-02
4.229214123024109540e-02 2.092144253950789859e-02
4.212298974811860830e-02 2.100668165351349259e-02
4.180371267031325611e-02 2.116880113037768879e-02
4.171775323757674625e-02 2.121278215358888414e-02
4.148685559766474018e-02 2.133256573335736567e-02
4.117240018740631752e-02 2.149694279001010747e-02
4.115106849621350676e-02 2.150817879053397094e-02
4.086032823580285772e-02 2.166345239828344760e-02
4.059230125388426508e-02 2.180768894604002625e-02
4.055062167709691523e-02 2.183043081273993227e-02
4.024326258246303106e-02 2.199941777990879754e-02
4.004118373582797596e-02 2.211136990252948048e-02
3.993823315896974369e-02 2.216919898053303778e-02
3.963551574854957960e-02 2.234053916009185251e-02
3.949745429002266689e-02 2.241927974010592822e-02
3.933509282697691956e-02 2.251316882681412418e-02
3.903694700285337271e-02 2.268689498820449998e-02
3.896101546040774133e-02 2.273147734766199635e-02
3.874106101660117207e-02 2.286241952967048990e-02
3.844741773946384888e-02 2.303856489866186116e-02
3.843177104948961031e-02 2.304802243414216453e-02
3.815600017251474796e-02 2.321703146366995568e-02
3.791021991285951215e-02 2.336897553996231114e-02
3.786679144567300925e-02 2.339627274722500330e-02
3.757977481672681447e-02 2.357817443480582711e-02
3.739777943326198090e-02 2.369439804858824994e-02
3.729493367036436358e-02 2.376099071633197557e-02
3.701225151721187351e-02 2.394542545904795872e-02
3.689219783560068050e-02 2.402435219827564125e-02
3.673171199287906391e-02 2.413132944371328831e-02
3.645329885701187322e-02 2.431833251538965263e-02
3.639335751820226006e-02 2.435890109397315095e-02
3.617699599235228020e-02 2.450737474706294813e-02
3.590278740380521000e-02 2.469698191272712631e-02
3.590117017532945543e-02 2.469810871939160171e-02
3.563065721751267761e-02 2.488921374420721006e-02
3.541596838154510013e-02 2.504203994924105933e-02
3.536058967993480767e-02 2.508201022484464471e-02
3.509256915693789031e-02 2.527693487267285155e-02
3.493724562932391808e-02 2.539076056163834874e-02
3.482658013288932736e-02 2.547298885655581435e-02
3.456260720975939948e-02 2.567062790954828533e-02
3.446490490418956110e-02 2.574433725068745599e-02
3.430063510622989587e-02 2.586997156409243104e-02
3.404064865680948848e-02 2.607038399164188225e-02
3.399886262559601025e-02 2.610283763923487016e-02
3.378263281095583714e-02 2.627248740041095848e-02
3.353763383045457042e-02 2.646633029180280386e-02
3.352657263220427952e-02 2.647519743973556286e-02
3.327245329730314782e-02 2.668046665499607117e-02
3.308273567137989812e-02 2.683488472770237734e-02
3.302026009535568435e-02 2.688644399314150946e-02
3.276997842696842411e-02 2.709457166588379040e-02
3.263392833233907941e-02 2.720857143432946212e-02
3.252159380340605838e-02 2.730401010805608847e-02
3.227509184575268891e-02 2.751503604346558843e-02
3.219113159474307206e-02 2.758746188064561261e-02
3.203045828407936196e-02 2.772799204173061194e-02
3.178767895661806925e-02 2.794195659929617562e-02
3.175429782716915339e-02 2.797162853084688219e-02
3.154673980894188295e-02 2.815916886628699878e-02
3.132504322011544357e-02 2.836114485822271297e-02
3.130762689315140512e-02 2.837723290477222465e-02
3.107032636706723999e-02 2.859810954126228155e-02
3.090189025853622498e-02 2.875608535920806674e-02
3.083482449342877726e-02 2.881986209728631954e-02
3.060110763909882833e-02 2.904381453095971483e-02
3.048437391090632817e-02 2.915652556763111830e-02
3.036916227427449017e-02 2.926931604642375728e-02
3.013897497170391071e-02 2.949638710900982091e-02
3.007242043734575931e-02 2.956254206915937682e-02
2.991053240590896625e-02 2.972569899390509890e-02
2.968382135241382294e-02 2.995593211358249866e-02
2.966576902124672815e-02 2.997421251594703864e-02
2.945882868697943108e-02 3.018668544793294203e-02
2.925991010402859485e-02 3.039161564148614575e-02
2.923554138484370929e-02 3.041707041884613230e-02
2.901394651996762331e-02 3.065030912622565551e-02
2.885882248002784312e-02 3.081483127566470720e-02
2.879403126428684706e-02 3.088450473968050447e-02
2.857578288696913799e-02 3.112099139111878382e-02
2.846317600112820839e-02 3.124394036003447228e-02
2.835918875367737096e-02 3.135905910105943328e-02
2.814423632583813728e-02 3.159883892550120754e-02
2.807289779898772611e-02 3.167902496329123158e-02
2.793091315991592938e-02 3.184084115846595731e-02
2.771920690669273449e-02 3.208396001468746817e-02
2.768791596521881504e-02 3.212016829697095233e-02
2.750910531055315508e-02 3.232996018497925200e-02
2.730821730416880047e-02 3.256745473136400670e-02
2.730059620877492779e-02 3.257659003603891740e-02
2.709366753082487894e-02 3.282652709544998243e-02
2.693390410226233905e-02 3.302096981165152101e-02
2.688830729766007385e-02 3.307723693620742700e-02
2.668450362103447215e-02 3.333065447103483736e-02
2.656466847324922415e-02 3.348080027426610789e-02
2.648224470281058604e-02 3.358576865902695996e-02
2.628151883427657862e-02 3.384377866565195514e-02
2.620184736042924234e-02 3.394703406348052038e-02
2.608231439546845540e-02 3.410410781307647576e-02
2.588461985449731773e-02 3.436587483399849291e-02
2.584423231051397735e-02 3.441976034822747527e-02
2.568842376688187240e-02 3.463053668962508269e-02
2.549371477488583324e-02 3.489594892299888174e-02
2.549144281274586671e-02 3.489906953915329624e-02
2.530048160686046085e-02 3.516501367404169243e-02
2.514367971184947731e-02 3.538505330590944326e-02
2.510871307659208462e-02 3.543480518084182046e-02
2.491839808265446099e-02 3.570766082919488160e-02
2.480062344881844155e-02 3.587780459468463412e-02
2.472952560776618333e-02 3.598194678237787159e-02
2.454208471815286230e-02 3.625860205683896498e-02
2.446219434056993991e-02 3.637741764598111799e-02
2.435606456291414604e-02 3.653745531324705670e-02
2.417145437339564967e-02 3.681796312515828173e-02
2.412833086931097382e-02 3.688398801263864657e-02
2.398824346256545753e-02 3.710145769920662751e-02
2.380642122439554156e-02 3.738587169672214633e-02
2.379897232001794774e-02 3.739761257810909900e-02
2.362597713324771781e-02 3.767316039324891674e-02
2.347331182761311710e-02 3.791838957498595147e-02
2.344690074326433865e-02 3.796134990998759062e-02
2.326918168776363066e-02 3.825263600801279834e-02
2.315184747242515773e-02 3.844641860379156145e-02
2.309280967863948028e-02 3.854527988204519556e-02
2.291777450576596917e-02 3.884062225770167076e-02
2.283473907026414146e-02 3.898180065202613842e-02
2.274406603640619778e-02 3.913811142962900225e-02
2.257167421462577539e-02 3.943756656823586837e-02
2.252192837025863981e-02 3.952463811348209954e-02
2.240058906071069195e-02 3.973997923493904905e-02
2.223080067058954418e-02 4.004360440839657698e-02
2.221335788748528620e-02 4.007503480782702299e-02
2.206229921526024415e-02 4.035163926353095565e-02
2.191001431067692712e-02 4.063309600045972303e-02
2.189507494022097447e-02 4.066110422044319495e-02
2.172911816490552886e-02 4.097461504043958813e-02
2.161127801048135649e-02 4.119892842264259031e-02
2.156441928212292011e-02 4.128936797111045637e-02
2.140096875750118269e-02 4.160724455704946367e-02
2.131656772673320988e-02 4.177264029191431194e-02
2.123875712893548082e-02 4.192724450098450628e-02
2.107777500604029672e-02 4.224954764793605044e-02
2.102582999037340417e-02 4.235434133278700303e-02
2.091801306960585152e-02 4.257487970279531103e-02
2.075946207105864444e-02 4.290167105242567724e-02
2.073882853388287276e-02 4.294414279773123982e-02
2.060211283192598872e-02 4.322947502458972246e-02
2.044595624330475259e-02 4.354019057011657839e-02
2.044497521999740983e-02 4.354215748845361583e-02
2.029098326533397209e-02 4.385520556611022247e-02
2.014780201597842629e-02 4.414849977747045684e-02
2.013718492667158216e-02 4.417055080444077381e-02
1.998455232397507164e-02 4.448998028419912792e-02
1.985494900963756526e-02 4.476328562998194843e-02
1.983307662138602406e-02 4.481005206132143703e-02
1.968274905001869343e-02 4.513392972677170156e-02
1.956634622207984245e-02 4.538663262605110993e-02
1.953356090745227494e-02 4.545879852984879843e-02
1.938550355722719332e-02 4.578718632378970393e-02
1.928193207074140741e-02 4.601865998309109806e-02
1.923856842834514858e-02 4.611692368655367913e-02
1.909274701477288103e-02 4.644988441436255500e-02
1.900164586374982617e-02 4.665948857866619726e-02
1.894803087494983246e-02 4.678456293259324050e-02
1.880441163129940169e-02 4.712216027423787867e-02
1.872542778706694916e-02 4.730924097361000058e-02
1.866188096974400260e-02 4.746185362147059550e-02
1.852043063922378247e-02 4.780415214368847338e-02
1.845321889181679442e-02 4.796804143546572891e-02
1.838005245121891382e-02 4.814939786522252907e-02
1.824073827927563674e-02 4.849800037013565074e-02
1.818604211962263073e-02 4.863601596225267804e-02
1.810248005853574635e-02 4.884980550966573631e-02
1.796526978526976834e-02 4.920353257256546153e-02
1.792301683361361905e-02 4.931329230656408824e-02
1.782909951641362817e-02 4.956065697995114261e-02
1.769396136910878284e-02 4.991930983636632541e-02
1.766378826936423549e-02 4.999999999999999584e-02
1.755984752024594697e-02 5.028183343656469906e-02
1.742675020601216693e-02 5.064548068017755283e-02
1.740830173891341759e-02 5.069627037794070812e-02
1.729466172144137823e-02 5.101348459262432244e-02
1.716357441996841857e-02 5.138219577231217111e-02
1.715650334017621709e-02 5.140223660466548827e-02
1.703348071298629862e-02 5.175576232869033566e-02
1.690837024281363621e-02 5.211803369882005155e-02
1.690437306940696313e-02 5.212976913815640240e-02
1.677624401522526468e-02 5.250882072409841089e-02
1.666387125737419858e-02 5.284379855924024871e-02
1.664908613308632365e-02 5.288848605498295413e-02
1.652289206185616338e-02 5.327281608874502583e-02
1.642290082418879429e-02 5.357966999113354667e-02
1.639765449619550938e-02 5.365803031408400425e-02
1.627336618613696093e-02 5.404697573262496474e-02
1.618502066996849523e-02 5.432578873262684793e-02
1.615001993666523999e-02 5.443746297269426437e-02
1.602760860730067724e-02 5.483101468932766176e-02
1.595004138878033245e-02 5.508229748168283479e-02
1.590612511168589677e-02 5.522654755871447829e-02
1.578556241717552974e-02 5.562557964339747557e-02
1.571846810084555346e-02 5.584934092339112477e-02
1.566591354442914766e-02 5.602705244546887786e-02
1.554717156700718278e-02 5.643164121456005489e-02
1.549025152331438837e-02 5.662706575764062805e-02
1.542932961096999192e-02 5.683914268074523324e-02
1.531238085447992996e-02 5.724936551333967977e-02
1.526538486216456533e-02 5.741562072717554949e-02
1.519631852740639319e-02 5.766406488352660009e-02
1.508113591093396266e-02 5.808199155713753004e-02
1.504471314705257967e-02 5.821515664604377110e-02
1.496682633717338375e-02 5.850388365187256245e-02
1.485338318877562833e-02 5.892763012474314110e-02
1.482729385549234544e-02 5.902582642844027283e-02
1.474079989854876899e-02 5.935591001640039277e-02
1.462906994907782129e-02 5.978555733160738350e-02
1.461301024577279714e-02 5.984778511795213474e-02
1.451818687234749175e-02 6.022032111349878009e-02
1.440814424936765967e-02 6.065595144267656863e-02
1.440176129744050529e-02 6.068118991721208055e-02
1.429893570980188440e-02 6.109342859290745054e-02
1.419109217653275606e-02 6.152620021796306043e-02
1.419055493159854936e-02 6.152838618196203313e-02
1.408299564062491169e-02 6.196937029227539417e-02
1.398287839528373350e-02 6.238297763154341397e-02
1.397625161030391361e-02 6.241073563528329315e-02
1.387031666125367914e-02 6.285786062905979188e-02
1.377771693705436180e-02 6.325168601979518079e-02
1.376518466092984706e-02 6.330572784153137844e-02
1.366084952327050947e-02 6.375907923307591596e-02
1.357556309684973886e-02 6.413249152640299044e-02
1.355730520834391890e-02 6.421354380914304216e-02
1.345454572199884791e-02 6.467320830358215533e-02
1.337637282380048191e-02 6.502556260867048410e-02
1.335256511551754718e-02 6.513436713614334517e-02
1.325135748527144289e-02 6.560043264600785851e-02
1.318010271160155976e-02 6.593107006973741857e-02
1.315091697237929722e-02 6.606838404716669499e-02
1.305123776236809599e-02 6.654093970920518797e-02
1.298670998909042321e-02 6.684918709124725023e-02
1.295231408483644812e-02 6.701578343100797475e-02
1.285414021312050042e-02 6.749491962323463101e-02
1.279615251096291595e-02 6.778008926646843235e-02
1.275671046396247184e-02 6.797675687870871619e-02
1.266001919718160590e-02 6.846290782944394748e-02
1.260859860071560437e-02 6.872395463387682979e-02
1.256406081534769056e-02 6.895385894596554877e-02
1.246882976345702748e-02 6.944919668183267836e-02
1.242460917814179958e-02 6.968096371120716115e-02
1.237432052861082293e-02 6.994820474720822578e-02
1.228052763969609065e-02 7.045044026292647532e-02
1.224330132611939001e-02 7.065129952997667440e-02
1.218744566706888785e-02 7.095687256573603163e-02
1.209506922224003710e-02 7.146610191570113013e-02
1.206463601299999008e-02 7.163514767049146414e-02
1.200339295756315192e-02 7.198006846087391664e-02
1.191241156592507192e-02 7.249638903707833482e-02
1.188857477446078614e-02 7.263269629733905275e-02
1.182211978043866407e-02 7.301800145358491867e-02
1.173251237413787569e-02 7.354151200424388635e-02
1.171507970527096119e-02 7.364413619537507616e-02
1.164358415967519690e-02 7.407088356899524384e-02
1.155532998902132451e-02 7.460168421743355871e-02
1.154411345117741655e-02 7.466966080621265101e-02
1.146774475316715905e-02 7.513892987953055269e-02
1.138082338182806914e-02 7.567712214333076337e-02
1.137563920090811642e-02 7.570946626521758704e-02
1.129456084315032770e-02 7.622235854867003002e-02
1.120962578424592772e-02 7.676375143902104681e-02
1.120895214341987092e-02 7.676810308985849984e-02
1.112399232677316677e-02 7.732139087532888255e-02
1.104607059964935432e-02 7.783271796355310801e-02
1.103967647491034369e-02 7.787506405316164948e-02
1.095599970681048960e-02 7.843377243776170071e-02
1.088430973113326330e-02 7.891657028260581908e-02
1.087295717844904280e-02 7.899400432138864447e-02
1.079054408251743299e-02 7.956042480325095645e-02
1.072483111473874345e-02 8.001551568693507366e-02
1.070875564814472922e-02 8.012839559514134402e-02
1.062758714062149099e-02 8.070270371306330348e-02
1.056768700323913387e-02 8.112976435390434338e-02
1.054703386112568024e-02 8.127912626381413042e-02
1.046709114645061334e-02 8.186246884179808336e-02
1.041318690523306695e-02 8.225952938768302247e-02
1.038775436873505889e-02 8.244977454693518115e-02
1.030901893519528718e-02 8.304324417243742762e-02
1.026138514128031171e-02 8.340502686000295096e-02
1.023088028785920992e-02 8.363994013297668118e-02
1.015333390330254437e-02 8.424167406488791698e-02
1.011179345993776929e-02 8.456647585148234503e-02
1.007637529238691008e-02 8.484726438978883178e-02
1.000000000000000021e-02 8.545737771194387988e-02
