1.000000000000000021e-03 1.542874112849145895e-03
1.018591388054116949e-03 1.459924820887143664e-03
1.037528415818012636e-03 1.381435118323707254e-03
1.056817509213658478e-03 1.307165244973639787e-03
1.076465213629834933e-03 1.236888330839891297e-03
1.096478196143185150e-03 1.170389703100406867e-03
1.116863247780561100e-03 1.107466230353483343e-03
1.137627285823430891e-03 1.047925702118146290e-03
1.158777356155126165e-03 9.915862416945324734e-04
1.180320635651729714e-03 9.382757505904131988e-04
1.202264434617413003e-03 8.878313828170331231e-04
1.224616199265048892e-03 8.400990474482599151e-04
1.247383514242943279e-03 7.949329379235432324e-04
1.270574105208541974e-03 7.521950866569408365e-04
1.294195841449986232e-03 7.117549435915613209e-04
1.318256738556407509e-03 6.734889774121469597e-04
1.342764961137864156e-03 6.372802981976240884e-04
1.367728825595849410e-03 6.030183003608665824e-04
1.393156802945303557e-03 5.705983247850889744e-04
1.419057521689092577e-03 5.399213391247205569e-04
1.445439770745927987e-03 5.108936352941956163e-04
1.472312502432719271e-03 4.834265432206288145e-04
1.499684835502374143e-03 4.574361599859677542e-04
1.527566058238073168e-03 4.328430935311875448e-04
1.555965631605074964e-03 4.095722201397383353e-04
1.584893192461114082e-03 3.875524549593128911e-04
1.614358556826487028e-03 3.667165348610455398e-04
1.644371723214932326e-03 3.470008129728178949e-04
1.674942876026438250e-03 3.283450642590177724e-04
1.706082389003124242e-03 3.106923015529219011e-04
1.737800828749376265e-03 2.939886014796430744e-04
1.770108958317422000e-03 2.781829397379968652e-04
1.803017740859569947e-03 2.632270352380741154e-04
1.836538343348347339e-03 2.490752026184081319e-04
1.870682140365801695e-03 2.356842126922526468e-04
1.905460717963248195e-03 2.230131603966489123e-04
1.940885877592779312e-03 2.110233398409389885e-04
1.976969640111860081e-03 1.996781260730197622e-04
2.013724249862387447e-03 1.889428632021753960e-04
2.051162178825564637e-03 1.787847585367517765e-04
2.089296130854038577e-03 1.691727824132855946e-04
2.128139045982711374e-03 1.600775734110986383e-04
2.167704104819694055e-03 1.514713486628418710e-04
2.208004733018899008e-03 1.433278189869773619e-04
2.249054605835780311e-03 1.356221085829862271e-04
2.290867652767772378e-03 1.283306790440092132e-04
2.333458062281002030e-03 1.214312574547475539e-04
2.376840286624876033e-03 1.149027683550593246e-04
2.421029046736177751e-03 1.087252693613622895e-04
2.466039337234338710e-03 1.028798902492269459e-04
2.511886431509579437e-03 9.734877531105338544e-05
2.558585886905645219e-03 9.211502881276690505e-05
2.606153549998894894e-03 8.716266338292097317e-05
2.654605561975539006e-03 8.247655117653717881e-05
2.703958364108843566e-03 7.804237766452703443e-05
2.754228703338165978e-03 7.384659790751940450e-05
2.805433637951713129e-03 6.987639518053214392e-05
2.857590543374946730e-03 6.611964182210083244e-05
2.910717118066605269e-03 6.256486218826788951e-05
2.964831389524342272e-03 5.920119759826869825e-05
3.019951720402016138e-03 5.601837316484139866e-05
3.076096814740708011e-03 5.300666640782931050e-05
3.133285724315585784e-03 5.015687755520783478e-05
3.191537855100761399e-03 4.746030144081142917e-05
3.250872973854343657e-03 4.490870091291806928e-05
3.311311214825910908e-03 4.249428167246534411e-05
3.372873086588689100e-03 4.020966846403178886e-05
3.435579478998746286e-03 3.804788254686510056e-05
3.499451670283573214e-03 3.600232037712479139e-05
3.564511334262442620e-03 3.406673343623228866e-05
3.630780547701014001e-03 3.223520914370564192e-05
3.698281797802662786e-03 3.050215279617271111e-05
3.767037989839089156e-03 2.886227047739618626e-05
3.837072454922788207e-03 2.731055288710304471e-05
3.908408957924020856e-03 2.584226003922289279e-05
3.981071705534973415e-03 2.445290678279094364e-05
4.055085354483838923e-03 2.313824910129043484e-05
4.130475019901614850e-03 2.189427114857950491e-05
4.207266283844442178e-03 2.071717298180499191e-05
4.285485203974396737e-03 1.960335895382728593e-05
4.365158322401660983e-03 1.854942672970406108e-05
4.446312674691088596e-03 1.755215689367803597e-05
4.528975799036208914e-03 1.660850311492098524e-05
4.613175745603795459e-03 1.571558284199771571e-05
4.698941086052155734e-03 1.487066849762088632e-05
4.786300923226385375e-03 1.407117914680051772e-05
4.875284901033865269e-03 1.331467261293796526e-05
4.965923214503362680e-03 1.259883801778133339e-05
5.058246620031137293e-03 1.192148872245293020e-05
5.152286445817561532e-03 1.128055564798814502e-05
5.248074602497722861e-03 1.067408095498116925e-05
5.345643593969713440e-03 1.010021206303008461e-05
5.445026528424209283e-03 9.557195991714084474e-06
5.546257129579105008e-03 9.043374005816029142e-06
5.649369748123022304e-03 8.557176548432602646e-06
5.754399373371566623e-03 8.097118446494832567e-06
5.861381645140284653e-03 7.661794374053825752e-06
5.970352865838366233e-03 7.249874559473134362e-06
6.081350012787175956e-03 6.860100723413921232e-06
6.194410750767811655e-03 6.491282235206566815e-06
6.309573444801930275e-03 6.142292475866117827e-06
6.426877173170193573e-03 5.812065396642004445e-06
6.546361740672746767e-03 5.499592262590886717e-06
6.668067692136218742e-03 5.203918571223281252e-06
6.792036326171843434e-03 4.924141136813050129e-06
6.918309709189362708e-03 4.659405331462519570e-06
7.046930689671467365e-03 4.408902474495696936e-06
7.177942912713615280e-03 4.171867362205441707e-06
7.311390834834172354e-03 3.947575930407891940e-06
7.447319739059888796e-03 3.735343042665078530e-06
7.585775750291835935e-03 3.534520397418891653e-06
7.726805850957021646e-03 3.344494547643136165e-06
7.870457896950984814e-03 3.164685026965210620e-06
8.016780633876788992e-03 2.994542576532390859e-06
8.165823713585922128e-03 2.833547467207016952e-06
8.317637711026708985e-03 2.681207911965198124e-06
8.472274141405963452e-03 2.537058563649452305e-06
8.629785477669701596e-03 2.400659093486424654e-06
8.790225168308843026e-03 2.271592846027576086e-06
8.953647655495937385e-03 2.149465566403982781e-06
9.120108393559096804e-03 2.033904196007614081e-06
9.289663867799363706e-03 1.924555732920228134e-06
9.462371613657928962e-03 1.821086153608697442e-06
9.638290236239705627e-03 1.723179392593248609e-06
9.817479430199843246e-03 1.630536376971466664e-06
1.000000000000000021e-02 1.542874112849137597e-06
1.018591388054116906e-02 1.459924820887136808e-06
1.037528415818012723e-02 1.381435118323715174e-06
1.056817509213658565e-02 1.307165244973650057e-06
1.076465213629834890e-02 1.236888330839885667e-06
1.096478196143185063e-02 1.170389703100406301e-06
1.116863247780561230e-02 1.107466230353474141e-06
1.137627285823430978e-02 1.047925702118156451e-06
1.158777356155126122e-02 9.915862416945328410e-07
1.180320635651729844e-02 9.382757505904111837e-07
1.202264434617413176e-02 8.878313828170321126e-07
1.224616199265048978e-02 8.400990474482532727e-07
1.247383514242943192e-02 7.949329379235431553e-07
1.270574105208541887e-02 7.521950866569398421e-07
1.294195841449986319e-02 7.117549435915599106e-07
1.318256738556407466e-02 6.734889774121500582e-07
1.342764961137864199e-02 6.372802981976232905e-07
1.367728825595849497e-02 6.030183003608646063e-07
1.393156802945303557e-02 5.705983247850900060e-07
1.419057521689092577e-02 5.399213391247206450e-07
1.445439770745927249e-02 5.108936352941950250e-07
1.472312502432718620e-02 4.834265432206285129e-07
1.499684835502373276e-02 4.574361599859656621e-07
1.527566058238072344e-02 4.328430935311896078e-07
1.555965631605074270e-02 4.095722201397427416e-07
1.584893192461113431e-02 3.875524549593146364e-07
1.614358556826486074e-02 3.667165348610470721e-07
1.644371723214931372e-02 3.470008129728179266e-07
1.674942876026437252e-02 3.283450642590210212e-07
1.706082389003123548e-02 3.106923015529240170e-07
1.737800828749375484e-02 2.939886014796422612e-07
1.770108958317421002e-02 2.781829397379961304e-07
1.803017740859568993e-02 2.632270352380752856e-07
1.836538343348346342e-02 2.490752026184089247e-07
1.870682140365800480e-02 2.356842126922519792e-07
1.905460717963247327e-02 2.230131603966502409e-07
1.940885877592778141e-02 2.110233398409404860e-07
1.976969640111861035e-02 1.996781260730211786e-07
2.013724249862388488e-02 1.889428632021740384e-07
2.051162178825565591e-02 1.787847585367524882e-07
2.089296130854039618e-02 1.691727824132841358e-07
2.128139045982712155e-02 1.600775734110987046e-07
2.167704104819695096e-02 1.514713483925633076e-07
2.208004733018900309e-02 1.433278132303874903e-07
2.249054605835781526e-02 1.356220847715540882e-07
2.290867652767773419e-02 1.283306195752731005e-07
2.333458062281003331e-02 1.214311416869132593e-07
2.376840286624877160e-02 1.149025741808371897e-07
2.421029046736178705e-02 1.087249744307694323e-07
2.466039337234339837e-02 1.028794729009090296e-07
2.511886431509580825e-02 9.734821526290129700e-08
2.558585886905645132e-02 9.211430765500475684e-08
2.606153549998894980e-02 8.716176491028893177e-08
2.654605561975538833e-02 8.247546159055819380e-08
2.703958364108843479e-02 7.804108567195230357e-08
2.754228703338166065e-02 7.384509473690228661e-08
2.805433637951713216e-02 6.987467453526680487e-08
2.857590543374946557e-02 6.611769978521473926e-08
2.910717118066605269e-02 6.256269709161892349e-08
2.964831389524342359e-02 5.919880986657155707e-08
3.019951720402016052e-02 5.601576514304230978e-08
3.076096814740707924e-02 5.300384217873604718e-08
3.133285724315585524e-02 5.015384275291735913e-08
3.191537855100761573e-02 4.745706306433306847e-08
3.250872973854343484e-02 4.490526714341969126e-08
3.311311214825911342e-02 4.249066169676862834e-08
3.372873086588688840e-02 4.020587230631087869e-08
3.435579478998746633e-02 3.804392090993808801e-08
3.499451670283573040e-02 3.599820449429386641e-08
3.564511334262442793e-02 3.406247493422953286e-08
3.630780547701013827e-02 3.223081991702089519e-08
3.698281797802662613e-02 3.049764489278908989e-08
3.767037989839089329e-02 2.885765599577247073e-08
3.837072454922788034e-02 2.730584388409428760e-08
3.908408957924021376e-02 2.583746844851888310e-08
3.981071705534973415e-02 2.444804434337280597e-08
4.055085354483839444e-02 2.313332729534595053e-08
4.130475019901614503e-02 2.188930114828018319e-08
4.207266283844442178e-02 2.071216560432950994e-08
4.285485203974396390e-02 1.959832462401206265e-08
4.365158322401661156e-02 1.854437544969373329e-08
4.446312674691088596e-02 1.754709821897229039e-08
4.528975799036209088e-02 1.660344613622907958e-08
4.613175745603795286e-02 1.571053617232887481e-08
4.698941086052153132e-02 1.486564026407394133e-08
4.786300923226382426e-02 1.406617698654006929e-08
4.875284901033862667e-02 1.330970367287622452e-08
4.965923214503360078e-02 1.259390895751591532e-08
5.058246620031139895e-02 1.191660572004344169e-08
5.152286445817564481e-02 1.127572440818452634e-08
5.248074602497725810e-02 1.066930671954692434e-08
5.345643593969716389e-02 1.009549962283628703e-08
5.445026528424212059e-02 9.552549700304907014e-09
5.546257129579107437e-02 9.038797794176359775e-09
5.649369748123025253e-02 8.552673940713316070e-09
5.754399373371569398e-02 8.092692576476657283e-09
5.861381645140287949e-02 7.657448002152248726e-09
5.970352865838369355e-02 7.245610090108741114e-09
6.081350012787179599e-02 6.855920222594372775e-09
6.194410750767814777e-02 6.487187448181175236e-09
6.309573444801933051e-02 6.138284844734830708e-09
6.426877173170197910e-02 5.808146077813919176e-09
6.546361740672750062e-02 5.495762144001916836e-09
6.668067692136221691e-02 5.200178289236803627e-09
6.792036326171846383e-02 4.920491092738297800e-09
6.918309709189365830e-02 4.655845707636516608e-09
7.046930689671471182e-02 4.405433249884038747e-09
7.177942912713618229e-02 4.168488327486379426e-09
7.311390834834176344e-02 3.944286702511710786e-09
7.447319739059891919e-02 3.732143078747634870e-09
7.585775750291839925e-02 3.531409008254334004e-09
7.726805850957024768e-02 3.341470910427109500e-09
7.870457896950988630e-02 3.161748197523183443e-09
8.016780633876793849e-02 2.991691500933292270e-09
8.165823713585926291e-02 2.830780992785376118e-09
8.317637711026708291e-02 2.678524797758155097e-09
8.472274141405963799e-02 2.534457490257910924e-09
8.629785477669701943e-02 2.398138672371828967e-09
8.790225168308841985e-02 2.269151628257407337e-09
8.953647655495937385e-02 2.147102050861396516e-09
9.120108393559096804e-02 2.031616837080869327e-09
9.289663867799362318e-02 1.922342947689585196e-09
9.462371613657930003e-02 1.818946328548647094e-09
9.638290236239704933e-02 1.721110889826213592e-09
9.817479430199843593e-02 1.628537540091104064e-09
1.000000000000000056e-01 1.540943272129551613e-09
1.018591388054116975e-01 1.458060298377923552e-09
1.037528415818012584e-01 1.379635232361807086e-09
1.056817509213658496e-01 1.305428314393155435e-09
1.076465213629834994e-01 1.235212678804735455e-09
1.096478196143185063e-01 1.168773660611736103e-09
1.116863247780561230e-01 1.105908139442170846e-09
1.137627285823430978e-01 1.046423918740114054e-09
1.158777356155126226e-01 9.901391383479403533e-10
1.180320635651729844e-01 9.368817186581531786e-10
1.202264434617413141e-01 8.864888346756767374e-10
1.224616199265048944e-01 8.388064183389921697e-10
1.247383514242943192e-01 7.936886876014367156e-10
1.270574105208542026e-01 7.509977008423437459e-10
1.294195841449986284e-01 7.106029352297898970e-10
1.318256738556407293e-01 6.723808877680970762e-10
1.342764961137864199e-01 6.362146977615542061e-10
1.367728825595849462e-01 6.019937896066704850e-10
1.393156802945303419e-01 5.696135348178106685e-10
1.419057521689092716e-01 5.389749321635578843e-10
1.445439770745927943e-01 5.099843050574311272e-10
1.472312502432719383e-01 4.825530151932231282e-10
1.499684835502373970e-01 4.565971915761511418e-10
1.527566058238073177e-01 4.320374741480388251e-10
1.555965631605074895e-01 4.087987711788004866e-10
1.584893192461114264e-01 3.868100297166805180e-10
1.614358556826487046e-01 3.660040183713376191e-10
1.644371723214932413e-01 3.463171217844366601e-10
1.674942876026438154e-01 3.276891461571535044e-10
1.706082389003124311e-01 3.100631352286475785e-10
1.737800828749376247e-01 2.933851961530483174e-10
1.770108958317422043e-01 2.776043347398750955e-10
1.803017740859569895e-01 2.626722995595196990e-10
1.836538343348347313e-01 2.485434344265105124e-10
1.870682140365801660e-01 2.351745388112064590e-10
1.905460717963248229e-01 2.225247357794389505e-10
1.940885877592779252e-01 2.105553470101323197e-10
1.976969640111861937e-01 1.992297745513052076e-10
2.013724249862389459e-01 1.885133889258368622e-10
2.051162178825564619e-01 1.783734232572337499e-10
2.089296130854038647e-01 1.687788730932682845e-10
2.128139045982711253e-01 1.597004016115730331e-10
2.167704104819694055e-01 1.511102499283338321e-10
2.208004733018899268e-01 1.429821522258337571e-10
2.249054605835780485e-01 1.352912554526692002e-10
2.290867652767772378e-01 1.280140433302584449e-10
2.333458062281001943e-01 1.211282644598017648e-10
2.376840286624875842e-01 1.146128642864629902e-10
2.421029046736177526e-01 1.084479207271541967e-10
2.466039337234338658e-01 1.026145832593208870e-10
2.511886431509579576e-01 9.709501528694510692e-11
2.558585886905645479e-01 9.187233960037278225e-11
2.606153549998895258e-01 8.693058678039956122e-11
2.654605561975538763e-01 8.225464636803256543e-11
2.703958364108843271e-01 7.783022066474674403e-11
2.754228703338166273e-01 7.364378101684640764e-11
2.805433637951713077e-01 6.968252645048609939e-11
2.857590543374946557e-01 6.593434453196848465e-11
2.910717118066605269e-01 6.238777433340598802e-11
2.964831389524342220e-01 5.903197139009286683e-11
3.019951720402015982e-01 5.585667454424646400e-11
3.076096814740708063e-01 5.285217456529608854e-11
3.133285724315585385e-01 5.000928446908482346e-11
3.191537855100761711e-01 4.731931142459937666e-11
3.250872973854344039e-01 4.477403017483748012e-11
3.311311214825911065e-01 4.236565788776774584e-11
3.372873086588689118e-01 4.008683035825631724e-11
3.435579478998746494e-01 3.793057949246116661e-11
3.499451670283573179e-01 3.589031200039635918e-11
3.564511334262442932e-01 3.395978923667402764e-11
3.630780547701014105e-01 3.213310812470460596e-11
3.698281797802662751e-01 3.040468310766960432e-11
3.767037989839089329e-01 2.876922906874179025e-11
3.837072454922788589e-01 2.722174517201445076e-11
3.908408957924021099e-01 2.575749957007170175e-11
3.981071705534973137e-01 2.437201493773736135e-11
4.055085354483839444e-01 2.306105477815799594e-11
4.130475019901614364e-01 2.182061047456480902e-11
4.207266283844441901e-01 2.064688902693478285e-11
4.285485203974396251e-01 1.953630145816944282e-11
4.365158322401661017e-01 1.848545183880275212e-11
4.446312674691088040e-01 1.749112690306177373e-11
4.528975799036208949e-01 1.655028622408238204e-11
4.613175745603795286e-01 1.566005291680967255e-11
4.698941086052155769e-01 1.481770484140302963e-11
4.786300923226385340e-01 1.402066628150269272e-11
4.875284901033865026e-01 1.326650006048119473e-11
4.965923214503362715e-01 1.255290010210687750e-11
5.058246620031142671e-01 1.187768437163960990e-11
5.152286445817566563e-01 1.123878820004706992e-11
5.248074602497728725e-01 1.063425797835433008e-11
5.345643593969718887e-01 1.006224518055811078e-11
5.445026528424214973e-01 9.521000711251956041e-12
5.546257129579110767e-01 9.008869557902046602e-12
5.649369748123028723e-01 8.524285729825290024e-12
5.754399373371572590e-01 8.065767470208105178e-12
5.861381645140291141e-01 7.631912724944805383e-12
5.970352865838371992e-01 7.221394855468423339e-12
6.081350012787182235e-01 6.832958573501777176e-12
6.194410750767818108e-01 6.465416125208043109e-12
6.309573444801935826e-01 6.117643648905175426e-12
6.426877173170200130e-01 5.788577721269031592e-12
6.546361740672747009e-01 5.477212125502064562e-12
6.668067692136219193e-01 5.182594768638650260e-12
6.792036326171843053e-01 4.903824771273371940e-12
6.918309709189363055e-01 4.640049708358696474e-12
7.046930689671466741e-01 4.390463010756312939e-12
7.177942912713615176e-01 4.154301490450568825e-12
7.311390834834172736e-01 3.930843014139147607e-12
7.447319739059888866e-01 3.719404288991738784e-12
7.585775750291835484e-01 3.519338778438297715e-12
7.726805850957021438e-01 3.330034720768113694e-12
7.870457896950984189e-01 3.150913262218331083e-12
8.016780633876789963e-01 2.981426684872423480e-12
8.165823713585922405e-01 2.821056732028926689e-12
8.317637711026708569e-01 2.669313020514997832e-12
8.472274141405963244e-01 2.525731552698562919e-12
8.629785477669701388e-01 2.389873282886298426e-12
8.790225168308842818e-01 2.261322783771958669e-12
8.953647655495937663e-01 2.139686972503548731e-12
9.120108393559096527e-01 2.024593910306277228e-12
9.289663867799362595e-01 1.915691665657010376e-12
9.462371613657929448e-01 1.812647236137500625e-12
9.638290236239704933e-01 1.715145532352690990e-12
9.817479430199843593e-01 1.622888412813255738e-12
1.000000000000000000e+00 1.535593773118280713e-12
1.018591388054116864e+00 1.452994683329295102e-12
1.037528415818012695e+00 1.374838571475104127e-12
1.056817509213658468e+00 1.300886451250723434e-12
1.076465213629834938e+00 1.230912191418875895e-12
1.096478196143185091e+00 1.164701824165849258e-12
1.116863247780561119e+00 1.102052890536201562e-12
1.137627285823431089e+00 1.042773822788846859e-12
1.158777356155126226e+00 9.866833570032878081e-13
1.180320635651729733e+00 9.336099790903805459e-13
1.202264434617413169e+00 8.833914009770404915e-13
1.224616199265048833e+00 8.358740640084535870e-13
1.247383514242943248e+00 7.909126692553155032e-13
1.270574105208541971e+00 7.483697333992102300e-13
1.294195841449986339e+00 7.081151683960166334e-13
1.318256738556407459e+00 6.700258834412327132e-13
1.342764961137864255e+00 6.339854089167161752e-13
1.367728825595849518e+00 5.998835399268890361e-13
1.393156802945303641e+00 5.676159994795274693e-13
1.419057521689092605e+00 5.370841197202994428e-13
1.445439770745927888e+00 5.081945399382299384e-13
1.472312502432719272e+00 4.808589213907245421e-13
1.499684835502373970e+00 4.549936769893638842e-13
1.527566058238073232e+00 4.305197156895361979e-13
1.555965631605074950e+00 4.073622009643848555e-13
1.584893192461114042e+00 3.854503215011816346e-13
1.614358556826486879e+00 3.647170750456843741e-13
1.644371723214932413e+00 3.450990632189435222e-13
1.674942876026438210e+00 3.265362979558586129e-13
1.706082389003124256e+00 3.089720178810648402e-13
1.737800828749376247e+00 2.923525147635102232e-13
1.770108958317422099e+00 2.766269693916214139e-13
1.803017740859569784e+00 2.617472960242103331e-13
1.836538343348347313e+00 2.476679955128731920e-13
1.870682140365801605e+00 2.343460160054050643e-13
1.905460717963248340e+00 2.217406215041390985e-13
1.940885877592779307e+00 2.098132670806371248e-13
1.976969640111861937e+00 1.985274812113699720e-13
2.013724249862389293e+00 1.878487541033941555e-13
2.051162178825566951e+00 1.777444322568969767e-13
2.089296130854040978e+00 1.681836186105787584e-13
2.128139045982713196e+00 1.591370780215811391e-13
2.167704104819693889e+00 1.505771479122987199e-13
2.208004733018899213e+00 1.424776536588417616e-13
2.249054605835780318e+00 1.348138285642678894e-13
2.290867652767772267e+00 1.275622381157225396e-13
2.333458062281001943e+00 1.207007083506944434e-13
2.376840286624875898e+00 1.142082580234987887e-13
2.421029046736177470e+00 1.080650344774082305e-13
2.466039337234338547e+00 1.022522529064812067e-13
2.511886431509579687e+00 9.675213894998225949e-14
2.558585886905645257e+00 9.154787430582431108e-14
2.606153549998894814e+00 8.662354535174474740e-14
2.654605561975539096e+00 8.196409442422865085e-14
2.703958364108843160e+00 7.755527381971527349e-14
2.754228703338166273e+00 7.338360221668226275e-14
2.805433637951713077e+00 6.943632343899416879e-14
2.857590543374946446e+00 6.570136748101572486e-14
2.910717118066604936e+00 6.216731356400458552e-14
2.964831389524342331e+00 5.882335522499021485e-14
3.019951720402016093e+00 5.565926728853870518e-14
3.076096814740707952e+00 5.266537458498613820e-14
3.133285724315585608e+00 4.983252236745572735e-14
3.191537855100761600e+00 4.715204831941020675e-14
3.250872973854343595e+00 4.461575607027977322e-14
3.311311214825911176e+00 4.221589012649644363e-14
3.372873086588688896e+00 3.994511216257719513e-14
3.435579478998746605e+00 3.779647857703638867e-14
3.499451670283573179e+00 3.576341926597807332e-14
3.564511334262442599e+00 3.383971752427400857e-14
3.630780547701013994e+00 3.201949104648030516e-14
3.698281797802662751e+00 3.029717393064101901e-14
3.767037989839089107e+00 2.866749966483081198e-14
3.837072454922788367e+00 2.712548502056956924e-14
3.908408957924021099e+00 2.566641481618948116e-14
3.981071705534973137e+00 2.428582749805702622e-14
4.055085354483838778e+00 2.297950149691824713e-14
4.130475019901614253e+00 2.174344232184677952e-14
4.207266283844441901e+00 2.057387034313052341e-14
4.285485203974396029e+00 1.946720923707812112e-14
4.365158322401661017e+00 1.842007504851460907e-14
4.446312674691088596e+00 1.742926584450869119e-14
4.528975799036208727e+00 1.649175167806520297e-14
4.613175745603795619e+00 1.560466498487542597e-14
4.698941086052156102e+00 1.476529255560030983e-14
4.786300923226384896e+00 1.397106733252142954e-14
4.875284901033865026e+00 1.321956051141575101e-14
4.965923214503362715e+00 1.250847407236046624e-14
5.058246620031142449e+00 1.183563371825634004e-14
5.152286445817567007e+00 1.119898219636544565e-14
5.248074602497728058e+00 1.059657298388706990e-14
5.345643593969719554e+00 1.002656431520023517e-14
5.445026528424214085e+00 9.487213533468999213e-15
5.546257129579109879e+00 8.976871748361785127e-15
5.649369748123028501e+00 8.493978783296201892e-15
5.754399373371572146e+00 8.037058395677358550e-15
5.861381645140290253e+00 7.604713756024938363e-15
5.970352865838371770e+00 7.195623171294062599e-15
6.081350012787182457e+00 6.808536039492590383e-15
6.194410750767818108e+00 6.442269022331875831e-15
6.309573444801936049e+00 6.095702424975403699e-15
6.426877173170200130e+00 5.767776770774479781e-15
6.546361740672753449e+00 5.457489560825763364e-15
6.668067692136225411e+00 5.163892208435893117e-15
6.792036326171849936e+00 4.886087138556935371e-15
6.918309709189363055e+00 4.623225043676599936e-15
7.046930689671467185e+00 4.374502287466607093e-15
7.177942912713614732e+00 4.139158448452539165e-15
7.311390834834172736e+00 3.916473995616477824e-15
7.447319739059888200e+00 3.705768089411015754e-15
7.585775750291835706e+00 3.506396501045808068e-15
7.726805850957020994e+00 3.317749643775836563e-15
7.870457896950984633e+00 3.139250710054188188e-15
8.016780633876789963e+00 2.970353909034064990e-15
8.165823713585922405e+00 2.810542798763882176e-15
8.317637711026709013e+00 2.659328708176412728e-15
8.472274141405963022e+00 2.516249243915697228e-15
8.629785477669701166e+00 2.380866877479984372e-15
8.790225168308841930e+00 2.252767608340874605e-15
8.953647655495936775e+00 2.131559698939610730e-15
9.120108393559096527e+00 2.016872477731491944e-15
9.289663867799362151e+00 1.908355206544853316e-15
9.462371613657929004e+00 1.805676008873068135e-15
9.638290236239704711e+00 1.708520855778621733e-15
9.817479430199844259e+00 1.616592606293742761e-15
1.000000000000000000e+01 1.529610099431851531e-15
