1.000000000000000021e-03 0.000000000000000000e+00
1.018591388054116949e-03 0.000000000000000000e+00
1.037528415818012636e-03 0.000000000000000000e+00
1.056817509213658478e-03 0.000000000000000000e+00
1.076465213629834933e-03 0.000000000000000000e+00
1.096478196143185150e-03 0.000000000000000000e+00
1.116863247780561100e-03 0.000000000000000000e+00
1.137627285823430891e-03 0.000000000000000000e+00
1.158777356155126165e-03 0.000000000000000000e+00
1.180320635651729714e-03 0.000000000000000000e+00
1.202264434617413003e-03 0.000000000000000000e+00
1.224616199265048892e-03 0.000000000000000000e+00
1.247383514242943279e-03 0.000000000000000000e+00
1.270574105208541974e-03 0.000000000000000000e+00
1.294195841449986232e-03 0.000000000000000000e+00
1.318256738556407509e-03 0.000000000000000000e+00
1.342764961137864156e-03 0.000000000000000000e+00
1.367728825595849410e-03 0.000000000000000000e+00
1.393156802945303557e-03 0.000000000000000000e+00
1.419057521689092577e-03 0.000000000000000000e+00
1.445439770745927987e-03 0.000000000000000000e+00
1.472312502432719271e-03 0.000000000000000000e+00
1.499684835502374143e-03 0.000000000000000000e+00
1.527566058238073168e-03 0.000000000000000000e+00
1.555965631605074964e-03 0.000000000000000000e+00
1.584893192461114082e-03 0.000000000000000000e+00
1.614358556826487028e-03 0.000000000000000000e+00
1.644371723214932326e-03 0.000000000000000000e+00
1.674942876026438250e-03 0.000000000000000000e+00
1.706082389003124242e-03 0.000000000000000000e+00
1.737800828749376265e-03 0.000000000000000000e+00
1.770108958317422000e-03 0.000000000000000000e+00
1.803017740859569947e-03 0.000000000000000000e+00
1.836538343348347339e-03 0.000000000000000000e+00
1.870682140365801695e-03 0.000000000000000000e+00
1.905460717963248195e-03 0.000000000000000000e+00
1.940885877592779312e-03 0.000000000000000000e+00
1.976969640111860081e-03 0.000000000000000000e+00
2.013724249862387447e-03 0.000000000000000000e+00
2.051162178825564637e-03 0.000000000000000000e+00
2.089296130854038577e-03 0.000000000000000000e+00
2.128139045982711374e-03 0.000000000000000000e+00
2.167704104819694055e-03 0.000000000000000000e+00
2.208004733018899008e-03 0.000000000000000000e+00
2.249054605835780311e-03 0.000000000000000000e+00
2.290867652767772378e-03 0.000000000000000000e+00
2.333458062281002030e-03 0.000000000000000000e+00
2.376840286624876033e-03 0.000000000000000000e+00
2.421029046736177751e-03 0.000000000000000000e+00
2.466039337234338710e-03 0.000000000000000000e+00
2.511886431509579437e-03 0.000000000000000000e+00
2.558585886905645219e-03 0.000000000000000000e+00
2.606153549998894894e-03 0.000000000000000000e+00
2.654605561975539006e-03 0.000000000000000000e+00
2.703958364108843566e-03 0.000000000000000000e+00
2.754228703338165978e-03 0.000000000000000000e+00
2.805433637951713129e-03 0.000000000000000000e+00
2.857590543374946730e-03 0.000000000000000000e+00
2.910717118066605269e-03 0.000000000000000000e+00
2.964831389524342272e-03 0.000000000000000000e+00
3.019951720402016138e-03 0.000000000000000000e+00
3.076096814740708011e-03 0.000000000000000000e+00
3.133285724315585784e-03 0.000000000000000000e+00
3.191537855100761399e-03 0.000000000000000000e+00
3.250872973854343657e-03 0.000000000000000000e+00
3.311311214825910908e-03 0.000000000000000000e+00
3.372873086588689100e-03 0.000000000000000000e+00
3.435579478998746286e-03 0.000000000000000000e+00
3.499451670283573214e-03 0.000000000000000000e+00
3.564511334262442620e-03 0.000000000000000000e+00
3.630780547701014001e-03 0.000000000000000000e+00
3.698281797802662786e-03 0.000000000000000000e+00
3.767037989839089156e-03 0.000000000000000000e+00
3.837072454922788207e-03 0.000000000000000000e+00
3.908408957924020856e-03 0.000000000000000000e+00
3.981071705534973415e-03 0.000000000000000000e+00
4.055085354483838923e-03 0.000000000000000000e+00
4.130475019901614850e-03 0.000000000000000000e+00
4.207266283844442178e-03 0.000000000000000000e+00
4.285485203974396737e-03 0.000000000000000000e+00
4.365158322401660983e-03 0.000000000000000000e+00
4.446312674691088596e-03 0.000000000000000000e+00
4.528975799036208914e-03 0.000000000000000000e+00
4.613175745603795459e-03 0.000000000000000000e+00
4.698941086052155734e-03 0.000000000000000000e+00
4.786300923226385375e-03 0.000000000000000000e+00
4.875284901033865269e-03 0.000000000000000000e+00
4.965923214503362680e-03 0.000000000000000000e+00
5.058246620031137293e-03 0.000000000000000000e+00
5.152286445817561532e-03 0.000000000000000000e+00
5.248074602497722861e-03 0.000000000000000000e+00
5.345643593969713440e-03 0.000000000000000000e+00
5.445026528424209283e-03 0.000000000000000000e+00
5.546257129579105008e-03 0.000000000000000000e+00
5.649369748123022304e-03 0.000000000000000000e+00
5.754399373371566623e-03 0.000000000000000000e+00
5.861381645140284653e-03 0.000000000000000000e+00
5.970352865838366233e-03 0.000000000000000000e+00
6.081350012787175956e-03 0.000000000000000000e+00
6.194410750767811655e-03 0.000000000000000000e+00
6.309573444801930275e-03 0.000000000000000000e+00
6.426877173170193573e-03 0.000000000000000000e+00
6.546361740672746767e-03 0.000000000000000000e+00
6.668067692136218742e-03 0.000000000000000000e+00
6.792036326171843434e-03 0.000000000000000000e+00
6.918309709189362708e-03 0.000000000000000000e+00
7.046930689671467365e-03 0.000000000000000000e+00
7.177942912713615280e-03 0.000000000000000000e+00
7.311390834834172354e-03 0.000000000000000000e+00
7.447319739059888796e-03 0.000000000000000000e+00
7.585775750291835935e-03 0.000000000000000000e+00
7.726805850957021646e-03 0.000000000000000000e+00
7.870457896950984814e-03 0.000000000000000000e+00
8.016780633876788992e-03 0.000000000000000000e+00
8.165823713585922128e-03 0.000000000000000000e+00
8.317637711026708985e-03 0.000000000000000000e+00
8.472274141405963452e-03 0.000000000000000000e+00
8.629785477669701596e-03 0.000000000000000000e+00
8.790225168308843026e-03 0.000000000000000000e+00
8.953647655495937385e-03 0.000000000000000000e+00
9.120108393559096804e-03 0.000000000000000000e+00
9.289663867799363706e-03 0.000000000000000000e+00
9.462371613657928962e-03 0.000000000000000000e+00
9.638290236239705627e-03 0.000000000000000000e+00
9.817479430199843246e-03 0.000000000000000000e+00
1.000000000000000021e-02 0.000000000000000000e+00
1.018591388054116906e-02 0.000000000000000000e+00
1.037528415818012723e-02 0.000000000000000000e+00
1.056817509213658565e-02 0.000000000000000000e+00
1.076465213629834890e-02 0.000000000000000000e+00
1.096478196143185063e-02 0.000000000000000000e+00
1.116863247780561230e-02 0.000000000000000000e+00
1.137627285823430978e-02 0.000000000000000000e+00
1.158777356155126122e-02 0.000000000000000000e+00
1.180320635651729844e-02 0.000000000000000000e+00
1.202264434617413176e-02 0.000000000000000000e+00
1.224616199265048978e-02 0.000000000000000000e+00
1.247383514242943192e-02 0.000000000000000000e+00
1.270574105208541887e-02 0.000000000000000000e+00
1.294195841449986319e-02 0.000000000000000000e+00
1.318256738556407466e-02 0.000000000000000000e+00
1.342764961137864199e-02 0.000000000000000000e+00
1.367728825595849497e-02 0.000000000000000000e+00
1.393156802945303557e-02 0.000000000000000000e+00
1.419057521689092577e-02 0.000000000000000000e+00
1.445439770745927249e-02 0.000000000000000000e+00
1.472312502432718620e-02 0.000000000000000000e+00
1.499684835502373276e-02 0.000000000000000000e+00
1.527566058238072344e-02 0.000000000000000000e+00
1.555965631605074270e-02 0.000000000000000000e+00
1.584893192461113431e-02 0.000000000000000000e+00
1.614358556826486074e-02 0.000000000000000000e+00
1.644371723214931372e-02 0.000000000000000000e+00
1.674942876026437252e-02 0.000000000000000000e+00
1.706082389003123548e-02 0.000000000000000000e+00
1.737800828749375484e-02 0.000000000000000000e+00
1.770108958317421002e-02 0.000000000000000000e+00
1.803017740859568993e-02 0.000000000000000000e+00
1.836538343348346342e-02 0.000000000000000000e+00
1.870682140365800480e-02 0.000000000000000000e+00
1.905460717963247327e-02 0.000000000000000000e+00
1.940885877592778141e-02 0.000000000000000000e+00
1.976969640111861035e-02 0.000000000000000000e+00
2.013724249862388488e-02 0.000000000000000000e+00
2.051162178825565591e-02 0.000000000000000000e+00
2.089296130854039618e-02 0.000000000000000000e+00
2.128139045982712155e-02 0.000000000000000000e+00
2.167704104819695096e-02 2.687338450225305169e-07
2.208004733018900309e-02 2.132824119715341846e-06
2.249054605835781526e-02 5.677446795474770941e-06
2.290867652767773419e-02 1.079757959439764984e-05
2.333458062281003331e-02 1.739468496966028302e-05
2.376840286624877160e-02 2.537631488775017127e-05
2.421029046736178705e-02 3.465573930549204889e-05
2.466039337234339837e-02 4.515159695348276822e-05
2.511886431509580825e-02 5.678756711608595482e-05
2.558585886905645132e-02 6.949206117218060706e-05
2.606153549998894980e-02 8.319793273143147555e-05
2.654605561975538833e-02 9.784220526712545697e-05
2.703958364108843479e-02 1.133658162099096197e-04
2.754228703338166065e-02 1.297133765260270689e-04
2.805433637951713216e-02 1.468329448601294609e-04
2.857590543374946557e-02 1.646758153760050005e-04
2.910717118066605269e-02 1.831963184785860587e-04
2.964831389524342359e-02 2.023516336483606438e-04
3.019951720402016052e-02 2.221016136639548228e-04
3.076096814740707924e-02 2.424086195311359472e-04
3.133285724315585524e-02 2.632373654761758401e-04
3.191537855100761573e-02 2.845547733994437307e-04
3.250872973854343484e-02 3.063298362204937156e-04
3.311311214825911342e-02 3.285334895793785501e-04
3.372873086588688840e-02 3.511384913907922853e-04
3.435579478998746633e-02 3.741193087769826208e-04
3.499451670283573040e-02 3.974520119337434515e-04
3.564511334262442793e-02 4.211141745104855913e-04
3.630780547701013827e-02 4.450847801095081293e-04
3.698281797802662613e-02 4.693441345339790746e-04
3.767037989839089329e-02 4.938737834357474071e-04
3.837072454922788034e-02 5.186564350347747402e-04
3.908408957924021376e-02 5.436758876023331868e-04
3.981071705534973415e-02 5.689169614173680660e-04
4.055085354483839444e-02 5.943654349243660722e-04
4.130475019901614503e-02 6.200079848356749267e-04
4.207266283844442178e-02 6.458321299382634292e-04
4.285485203974396390e-02 6.718261783779146947e-04
4.365158322401661156e-02 6.979791782090044583e-04
4.446312674691088596e-02 7.242808710092280651e-04
4.528975799036209088e-02 7.507216483721096748e-04
4.613175745603795286e-02 7.772925111003697743e-04
4.698941086052153132e-02 8.039850309349315990e-04
4.786300923226382426e-02 8.307913146633581899e-04
4.875284901033862667e-02 8.577039704616667808e-04
4.965923214503360078e-02 8.847160763324690095e-04
5.058246620031139895e-02 9.118211505091100002e-04
5.152286445817564481e-02 9.390131237066999840e-04
5.248074602497725810e-02 9.662863131040202612e-04
5.345643593969716389e-02 9.936353979508722161e-04
5.445026528424212059e-02 1.021055396699976133e-03
5.546257129579107437e-02 1.048541645568998272e-03
5.649369748123025253e-02 1.076089778444570431e-03
5.754399373371569398e-02 1.103695708045022376e-03
5.861381645140287949e-02 1.131355608263883827e-03
5.970352865838369355e-02 1.159065897620653726e-03
6.081350012787179599e-02 1.186823223750694666e-03
6.194410750767814777e-02 1.214624448869209682e-03
6.309573444801933051e-02 1.242466636148793161e-03
6.426877173170197910e-02 1.270347036954164784e-03
6.546361740672750062e-02 1.298263078880161105e-03
6.668067692136221691e-02 1.326212354543487458e-03
6.792036326171846383e-02 1.354192611080616386e-03
6.918309709189365830e-02 1.382201740308857405e-03
7.046930689671471182e-02 1.410237769507775157e-03
7.177942912713618229e-02 1.438298852784065333e-03
7.311390834834176344e-02 1.466383262981563315e-03
7.447319739059891919e-02 1.494489384104431525e-03
7.585775750291839925e-02 1.522615704219179448e-03
7.726805850957024768e-02 1.550760808808622059e-03
7.870457896950988630e-02 1.578923374547149677e-03
8.016780633876793849e-02 1.607102163472454333e-03
8.165823713585926291e-02 1.635296017528905903e-03
8.317637711026708291e-02 1.663503853461083043e-03
8.472274141405963799e-02 1.691724658033114028e-03
8.629785477669701943e-02 1.719957483557418322e-03
8.790225168308841985e-02 1.748201443712289142e-03
8.953647655495937385e-02 1.776455709632085217e-03
9.120108393559096804e-02 1.804719506253282552e-03
9.289663867799362318e-02 1.832992108904238793e-03
9.462371613657930003e-02 1.861272840119868608e-03
9.638290236239704933e-02 1.889561056351539425e-03
9.817479430199843593e-02 1.917856132061853108e-03
1.000000000000000056e-01 1.946157571859964989e-03
1.018591388054116975e-01 1.974464832545689066e-03
1.037528415818012584e-01 2.002777435705489772e-03
1.056817509213658496e-01 2.031094922700041588e-03
1.076465213629834994e-01 2.059416869716755756e-03
1.096478196143185063e-01 2.087742880647909267e-03
1.116863247780561230e-01 2.116072585133680749e-03
1.137627285823430978e-01 2.144405636547471253e-03
1.158777356155126226e-01 2.172741707771364255e-03
1.180320635651729844e-01 2.201080500711959965e-03
1.202264434617413141e-01 2.229421731080317038e-03
1.224616199265048944e-01 2.257765129830910465e-03
1.247383514242943192e-01 2.286110457765383377e-03
1.270574105208542026e-01 2.314457477115905611e-03
1.294195841449986284e-01 2.342805974383591928e-03
1.318256738556407293e-01 2.371155732012088756e-03
1.342764961137864199e-01 2.399506563820486861e-03
1.367728825595849462e-01 2.427858312467613168e-03
1.393156802945303419e-01 2.456210781435429289e-03
1.419057521689092716e-01 2.484563882476739215e-03
1.445439770745927943e-01 2.512917410585934538e-03
1.472312502432719383e-01 2.541271241741703806e-03
1.499684835502373970e-01 2.569625258461443948e-03
1.527566058238073177e-01 2.597979341301396693e-03
1.555965631605074895e-01 2.626333381428746887e-03
1.584893192461114264e-01 2.654687274966698908e-03
1.614358556826487046e-01 2.683040921041603914e-03
1.644371723214932413e-01 2.711394237277926691e-03
1.674942876026438154e-01 2.739747137720019692e-03
1.706082389003124311e-01 2.768099545443208388e-03
1.737800828749376247e-01 2.796451383389688197e-03
1.770108958317422043e-01 2.824802586985248991e-03
1.803017740859569895e-01 2.853153086922756519e-03
1.836538343348347313e-01 2.881502810399764851e-03
1.870682140365801660e-01 2.909851725158001546e-03
1.905460717963248229e-01 2.938199768799706468e-03
1.940885877592779252e-01 2.966546900241770913e-03
1.976969640111861937e-01 2.994893069671407740e-03
2.013724249862389459e-01 3.023238231703752246e-03
2.051162178825564619e-01 3.051582350774755328e-03
2.089296130854038647e-01 3.079925386685468652e-03
2.128139045982711253e-01 3.108267306481577157e-03
2.167704104819694055e-01 3.136608074977284728e-03
2.208004733018899268e-01 3.164947670994624866e-03
2.249054605835780485e-01 3.193286051970898112e-03
2.290867652767772378e-01 3.221623203432097838e-03
2.333458062281001943e-01 3.249959095792054158e-03
2.376840286624875842e-01 3.278293708104520164e-03
2.421029046736177526e-01 3.306627019043200527e-03
2.466039337234338658e-01 3.334959008182864729e-03
2.511886431509579576e-01 3.363289640910019709e-03
2.558585886905645479e-01 3.391618920073734104e-03
2.606153549998895258e-01 3.419946823077934031e-03
2.654605561975538763e-01 3.448273336805039117e-03
2.703958364108843271e-01 3.476598447296217875e-03
2.754228703338166273e-01 3.504922138537365766e-03
2.805433637951713077e-01 3.533244397763485832e-03
2.857590543374946557e-01 3.561565215956932935e-03
2.910717118066605269e-01 3.589884583888309447e-03
2.964831389524342220e-01 3.618202486080300193e-03
3.019951720402015982e-01 3.646518912728823145e-03
3.076096814740708063e-01 3.674833859631671581e-03
3.133285724315585385e-01 3.703147317816419832e-03
3.191537855100761711e-01 3.731459277650097696e-03
3.250872973854344039e-01 3.759769735701622064e-03
3.311311214825911065e-01 3.788078679434490285e-03
3.372873086588689118e-01 3.816386111073300034e-03
3.435579478998746494e-01 3.844692013282512925e-03
3.499451670283573179e-01 3.872996384152433032e-03
3.564511334262442932e-01 3.901299219922060597e-03
3.630780547701014105e-01 3.929600525120003143e-03
3.698281797802662751e-01 3.957900283205011832e-03
3.767037989839089329e-01 3.986198496802723784e-03
3.837072454922788589e-01 4.014495152207532037e-03
3.908408957924021099e-01 4.042790263496690711e-03
3.981071705534973137e-01 4.071083829910275564e-03
4.055085354483839444e-01 4.099375805554324355e-03
4.130475019901614364e-01 4.127666225734910252e-03
4.207266283844441901e-01 4.155955084067845806e-03
4.285485203974396251e-01 4.184242375467709350e-03
4.365158322401661017e-01 4.212528092590439761e-03
4.446312674691088040e-01 4.240812240409687871e-03
4.528975799036208949e-01 4.269094812202969998e-03
4.613175745603795286e-01 4.297375807109991667e-03
4.698941086052155769e-01 4.325655223973367929e-03
4.786300923226385340e-01 4.353933039984565073e-03
4.875284901033865026e-01 4.382209226509364841e-03
4.965923214503362715e-01 4.410483869793435825e-03
5.058246620031142671e-01 4.438756895735238017e-03
5.152286445817566563e-01 4.467028312409276024e-03
5.248074602497728725e-01 4.495298135361167589e-03
5.345643593969718887e-01 4.523566334242674035e-03
5.445026528424214973e-01 4.551832918418851834e-03
5.546257129579110767e-01 4.580097833585284987e-03
5.649369748123028723e-01 4.608361101920998605e-03
5.754399373371572590e-01 4.636622674555006436e-03
5.861381645140291141e-01 4.664882503117718029e-03
5.970352865838371992e-01 4.693140585723699736e-03
6.081350012787182235e-01 4.721398134741335191e-03
6.194410750767818108e-01 4.749654581793971361e-03
6.309573444801935826e-01 4.777908659282101983e-03
6.426877173170200130e-01 4.806161201474017791e-03
6.546361740672747009e-01 4.834412179210841216e-03
6.668067692136219193e-01 4.862661561482612034e-03
6.792036326171843053e-01 4.890909110221771522e-03
6.918309709189363055e-01 4.919155290346728139e-03
7.046930689671466741e-01 4.947399650212428064e-03
7.177942912713615176e-01 4.975642573336701638e-03
7.311390834834172736e-01 5.003883698353413928e-03
7.447319739059888866e-01 5.032123328717240385e-03
7.585775750291835484e-01 5.060361179518317945e-03
7.726805850957021438e-01 5.088597527679156705e-03
7.870457896950984189e-01 5.116832197311737239e-03
8.016780633876789963e-01 5.145065129444460240e-03
8.165823713585922405e-01 5.173296354092038647e-03
8.317637711026708569e-01 5.201527125185178256e-03
8.472274141405963244e-01 5.229755744381711646e-03
8.629785477669701388e-01 5.257982829865248155e-03
8.790225168308842818e-01 5.286208096638075719e-03
8.953647655495937663e-01 5.314431769800176397e-03
9.120108393559096527e-01 5.342653961879175427e-03
9.289663867799362595e-01 5.370874378065213992e-03
9.462371613657929448e-01 5.399093303116290522e-03
9.638290236239704933e-01 5.427310517403148397e-03
9.817479430199843593e-01 5.455526146934531855e-03
1.000000000000000000e+00 5.483740226942361573e-03
1.018591388054116864e+00 5.511952678303104307e-03
1.037528415818012695e+00 5.540163473471513590e-03
1.056817509213658468e+00 5.568372644997142754e-03
1.076465213629834938e+00 5.596580162683095598e-03
1.096478196143185091e+00 5.624786070800595096e-03
1.116863247780561119e+00 5.652990772052506226e-03
1.137627285823431089e+00 5.681193766220156947e-03
1.158777356155126226e+00 5.709395005807276456e-03
1.180320635651729733e+00 5.737594744312997895e-03
1.202264434617413169e+00 5.765792903922913569e-03
1.224616199265048833e+00 5.793989391608554002e-03
1.247383514242943248e+00 5.822184274775186325e-03
1.270574105208541971e+00 5.850377590012497547e-03
1.294195841449986339e+00 5.878569248269980251e-03
1.318256738556407459e+00 5.906759368213074755e-03
1.342764961137864255e+00 5.934947817062301810e-03
1.367728825595849518e+00 5.963134667731226357e-03
1.393156802945303641e+00 5.991319972421788216e-03
1.419057521689092605e+00 6.019503580714112047e-03
1.445439770745927888e+00 6.047685646397563640e-03
1.472312502432719272e+00 6.075866083645116954e-03
1.499684835502373970e+00 6.104044920006369140e-03
1.527566058238073232e+00 6.132222366411452068e-03
1.555965631605074950e+00 6.160398093521410323e-03
1.584893192461114042e+00 6.188572275528856498e-03
1.614358556826486879e+00 6.216744732633608904e-03
1.644371723214932413e+00 6.244915698908256110e-03
1.674942876026438210e+00 6.273085034529530570e-03
1.706082389003124256e+00 6.301252733431226584e-03
1.737800828749376247e+00 6.329418895493565435e-03
1.770108958317422099e+00 6.357583385568647306e-03
1.803017740859569784e+00 6.385746339411375178e-03
1.836538343348347313e+00 6.413907610423072274e-03
1.870682140365801605e+00 6.442067413084632578e-03
1.905460717963248340e+00 6.470225492467105745e-03
1.940885877592779307e+00 6.498382065134053129e-03
1.976969640111861937e+00 6.526536961420223264e-03
2.013724249862389293e+00 6.554690296780091990e-03
2.051162178825566951e+00 6.582842089829517296e-03
2.089296130854040978e+00 6.610992255533648491e-03
2.128139045982713196e+00 6.639140850791091196e-03
2.167704104819693889e+00 6.667287834972325695e-03
2.208004733018899213e+00 6.695433214674561748e-03
2.249054605835780318e+00 6.723576978119927272e-03
2.290867652767772267e+00 6.751719186296942926e-03
2.333458062281001943e+00 6.779859776536866986e-03
2.376840286624875898e+00 6.807998797690424132e-03
2.421029046736177470e+00 6.836136180595005565e-03
2.466039337234338547e+00 6.864272002380477147e-03
2.511886431509579687e+00 6.892406192270834897e-03
2.558585886905645257e+00 6.920538861608833275e-03
2.606153549998894814e+00 6.948669835380555729e-03
2.654605561975539096e+00 6.976799236560258903e-03
2.703958364108843160e+00 7.004927068017464259e-03
2.754228703338166273e+00 7.033053289582361610e-03
2.805433637951713077e+00 7.061178014023915261e-03
2.857590543374946446e+00 7.089301067331891040e-03
2.910717118066604936e+00 7.117422479094849715e-03
2.964831389524342331e+00 7.145542375494558576e-03
3.019951720402016093e+00 7.173660678079675848e-03
3.076096814740707952e+00 7.201777370902068091e-03
3.133285724315585608e+00 7.229892462311967270e-03
3.191537855100761600e+00 7.258005974509137981e-03
3.250872973854343595e+00 7.286117873092309329e-03
3.311311214825911176e+00 7.314228192444981701e-03
3.372873086588688896e+00 7.342336909901160148e-03
3.435579478998746605e+00 7.370444056588561395e-03
3.499451670283573179e+00 7.398549572367751209e-03
3.564511334262442599e+00 7.426653534619377488e-03
3.630780547701013994e+00 7.454755875900478425e-03
3.698281797802662751e+00 7.482856643243730385e-03
3.767037989839089107e+00 7.510955824546394419e-03
3.837072454922788367e+00 7.539053425554893828e-03
3.908408957924021099e+00 7.567149431884267509e-03
3.981071705534973137e+00 7.595243829591952212e-03
4.055085354483838778e+00 7.623336652364408675e-03
4.130475019901614253e+00 7.651427872640462202e-03
4.207266283844441901e+00 7.679517514176179352e-03
4.285485203974396029e+00 7.707605556176634447e-03
4.365158322401661017e+00 7.735692016134317582e-03
4.446312674691088596e+00 7.763776799400204029e-03
4.528975799036208727e+00 7.791851582473361022e-03
4.613175745603795619e+00 7.819911312779464357e-03
4.698941086052156102e+00 7.847956671032434162e-03
4.786300923226384896e+00 7.875988329832089158e-03
4.875284901033865026e+00 7.904006898002916698e-03
4.965923214503362715e+00 7.932012967022084374e-03
5.058246620031142449e+00 7.960007078204392461e-03
5.152286445817567007e+00 7.987989767981517816e-03
5.248074602497728058e+00 8.015961513686976903e-03
5.345643593969719554e+00 8.043922769918370602e-03
5.445026528424214085e+00 8.071873971216432173e-03
5.546257129579109879e+00 8.099815534444922138e-03
5.649369748123028501e+00 8.127747836623185063e-03
5.754399373371572146e+00 8.155671242568468537e-03
5.861381645140290253e+00 8.183586093027784766e-03
5.970352865838371770e+00 8.211492714664227893e-03
6.081350012787182457e+00 8.239391398665524627e-03
6.194410750767818108e+00 8.267282438636799555e-03
6.309573444801936049e+00 8.295166097927948387e-03
6.426877173170200130e+00 8.323042631569009878e-03
6.546361740672753449e+00 8.350912275010197172e-03
6.668067692136225411e+00 8.378775255936282348e-03
6.792036326171849936e+00 8.406631780889009184e-03
6.918309709189363055e+00 8.434482045990517041e-03
7.046930689671467185e+00 8.462326256126277355e-03
7.177942912713614732e+00 8.490164568460691411e-03
7.311390834834172736e+00 8.517997151502140069e-03
7.447319739059888200e+00 8.545824162609702221e-03
7.585775750291835706e+00 8.573645749466455440e-03
7.726805850957020994e+00 8.601462045334426140e-03
7.870457896950984633e+00 8.629273185473613703e-03
8.016780633876789963e+00 8.657079287217416333e-03
8.165823713585922405e+00 8.684880467195109713e-03
8.317637711026709013e+00 8.712676833106024199e-03
8.472274141405963022e+00 8.740468486969153739e-03
8.629785477669701166e+00 8.768255524272709420e-03
8.790225168308841930e+00 8.796038033671882070e-03
8.953647655495936775e+00 8.823816101832887560e-03
9.120108393559096527e+00 8.851589805128788277e-03
9.289663867799362151e+00 8.879359220865849778e-03
9.462371613657929004e+00 8.907124421517665161e-03
9.638290236239704711e+00 8.934885470496436999e-03
9.817479430199844259e+00 8.962642430358382442e-03
1.000000000000000000e+01 8.990395358408809559e-03
