1.000000000000000021e-03 1.000000000000000000e+00
1.018591388054116949e-03 1.000000000000000000e+00
1.037528415818012636e-03 1.000000000000000000e+00
1.056817509213658478e-03 1.000000000000000000e+00
1.076465213629834933e-03 1.000000000000000000e+00
1.096478196143185150e-03 1.000000000000000000e+00
1.116863247780561100e-03 1.000000000000000000e+00
1.137627285823430891e-03 1.000000000000000000e+00
1.158777356155126165e-03 1.000000000000000000e+00
1.180320635651729714e-03 1.000000000000000000e+00
1.202264434617413003e-03 1.000000000000000000e+00
1.224616199265048892e-03 1.000000000000000000e+00
1.247383514242943279e-03 1.000000000000000000e+00
1.270574105208541974e-03 1.000000000000000000e+00
1.294195841449986232e-03 1.000000000000000000e+00
1.318256738556407509e-03 1.000000000000000000e+00
1.342764961137864156e-03 1.000000000000000000e+00
1.367728825595849410e-03 1.000000000000000000e+00
1.393156802945303557e-03 1.000000000000000000e+00
1.419057521689092577e-03 1.000000000000000000e+00
1.445439770745927987e-03 1.000000000000000000e+00
1.472312502432719271e-03 1.000000000000000000e+00
1.499684835502374143e-03 1.000000000000000000e+00
1.527566058238073168e-03 1.000000000000000000e+00
1.555965631605074964e-03 1.000000000000000000e+00
1.584893192461114082e-03 1.000000000000000000e+00
1.614358556826487028e-03 1.000000000000000000e+00
1.644371723214932326e-03 1.000000000000000000e+00
1.674942876026438250e-03 1.000000000000000000e+00
1.706082389003124242e-03 1.000000000000000000e+00
1.737800828749376265e-03 1.000000000000000000e+00
1.770108958317422000e-03 1.000000000000000000e+00
1.803017740859569947e-03 1.000000000000000000e+00
1.836538343348347339e-03 1.000000000000000000e+00
1.870682140365801695e-03 1.000000000000000000e+00
1.905460717963248195e-03 1.000000000000000000e+00
1.940885877592779312e-03 1.000000000000000000e+00
1.976969640111860081e-03 1.000000000000000000e+00
2.013724249862387447e-03 1.000000000000000000e+00
2.051162178825564637e-03 1.000000000000000000e+00
2.089296130854038577e-03 1.000000000000000000e+00
2.128139045982711374e-03 1.000000000000000000e+00
2.167704104819694055e-03 1.000000000000000000e+00
2.208004733018899008e-03 1.000000000000000000e+00
2.249054605835780311e-03 1.000000000000000000e+00
2.290867652767772378e-03 1.000000000000000000e+00
2.333458062281002030e-03 1.000000000000000000e+00
2.376840286624876033e-03 1.000000000000000000e+00
2.421029046736177751e-03 1.000000000000000000e+00
2.466039337234338710e-03 1.000000000000000000e+00
2.511886431509579437e-03 1.000000000000000000e+00
2.558585886905645219e-03 1.000000000000000000e+00
2.606153549998894894e-03 1.000000000000000000e+00
2.654605561975539006e-03 1.000000000000000000e+00
2.703958364108843566e-03 1.000000000000000000e+00
2.754228703338165978e-03 1.000000000000000000e+00
2.805433637951713129e-03 1.000000000000000000e+00
2.857590543374946730e-03 1.000000000000000000e+00
2.910717118066605269e-03 1.000000000000000000e+00
2.964831389524342272e-03 1.000000000000000000e+00
3.019951720402016138e-03 1.000000000000000000e+00
3.076096814740708011e-03 1.000000000000000000e+00
3.133285724315585784e-03 1.000000000000000000e+00
3.191537855100761399e-03 1.000000000000000000e+00
3.250872973854343657e-03 1.000000000000000000e+00
3.311311214825910908e-03 1.000000000000000000e+00
3.372873086588689100e-03 1.000000000000000000e+00
3.435579478998746286e-03 1.000000000000000000e+00
3.499451670283573214e-03 1.000000000000000000e+00
3.564511334262442620e-03 1.000000000000000000e+00
3.630780547701014001e-03 1.000000000000000000e+00
3.698281797802662786e-03 1.000000000000000000e+00
3.767037989839089156e-03 1.000000000000000000e+00
3.837072454922788207e-03 1.000000000000000000e+00
3.908408957924020856e-03 1.000000000000000000e+00
3.981071705534973415e-03 1.000000000000000000e+00
4.055085354483838923e-03 1.000000000000000000e+00
4.130475019901614850e-03 1.000000000000000000e+00
4.207266283844442178e-03 1.000000000000000000e+00
4.285485203974396737e-03 1.000000000000000000e+00
4.365158322401660983e-03 1.000000000000000000e+00
4.446312674691088596e-03 1.000000000000000000e+00
4.528975799036208914e-03 1.000000000000000000e+00
4.613175745603795459e-03 1.000000000000000000e+00
4.698941086052155734e-03 1.000000000000000000e+00
4.786300923226385375e-03 1.000000000000000000e+00
4.875284901033865269e-03 1.000000000000000000e+00
4.965923214503362680e-03 1.000000000000000000e+00
5.058246620031137293e-03 1.000000000000000000e+00
5.152286445817561532e-03 1.000000000000000000e+00
5.248074602497722861e-03 1.000000000000000000e+00
5.345643593969713440e-03 1.000000000000000000e+00
5.445026528424209283e-03 1.000000000000000000e+00
5.546257129579105008e-03 1.000000000000000000e+00
5.649369748123022304e-03 1.000000000000000000e+00
5.754399373371566623e-03 1.000000000000000000e+00
5.861381645140284653e-03 1.000000000000000000e+00
5.970352865838366233e-03 1.000000000000000000e+00
6.081350012787175956e-03 1.000000000000000000e+00
6.194410750767811655e-03 1.000000000000000000e+00
6.309573444801930275e-03 1.000000000000000000e+00
6.426877173170193573e-03 1.000000000000000000e+00
6.546361740672746767e-03 1.000000000000000000e+00
6.668067692136218742e-03 1.000000000000000000e+00
6.792036326171843434e-03 1.000000000000000000e+00
6.918309709189362708e-03 1.000000000000000000e+00
7.046930689671467365e-03 1.000000000000000000e+00
7.177942912713615280e-03 1.000000000000000000e+00
7.311390834834172354e-03 1.000000000000000000e+00
7.447319739059888796e-03 1.000000000000000000e+00
7.585775750291835935e-03 1.000000000000000000e+00
7.726805850957021646e-03 1.000000000000000000e+00
7.870457896950984814e-03 1.000000000000000000e+00
8.016780633876788992e-03 1.000000000000000000e+00
8.165823713585922128e-03 1.000000000000000000e+00
8.317637711026708985e-03 1.000000000000000000e+00
8.472274141405963452e-03 1.000000000000000000e+00
8.629785477669701596e-03 1.000000000000000000e+00
8.790225168308843026e-03 1.000000000000000000e+00
8.953647655495937385e-03 1.000000000000000000e+00
9.120108393559096804e-03 1.000000000000000000e+00
9.289663867799363706e-03 1.000000000000000000e+00
9.462371613657928962e-03 1.000000000000000000e+00
9.638290236239705627e-03 1.000000000000000000e+00
9.817479430199843246e-03 1.000000000000000000e+00
1.000000000000000021e-02 1.000000000000000000e+00
1.018591388054116906e-02 1.000000000000000000e+00
1.037528415818012723e-02 1.000000000000000000e+00
1.056817509213658565e-02 1.000000000000000000e+00
1.076465213629834890e-02 1.000000000000000000e+00
1.096478196143185063e-02 1.000000000000000000e+00
1.116863247780561230e-02 1.000000000000000000e+00
1.137627285823430978e-02 1.000000000000000000e+00
1.158777356155126122e-02 1.000000000000000000e+00
1.180320635651729844e-02 1.000000000000000000e+00
1.202264434617413176e-02 1.000000000000000000e+00
1.224616199265048978e-02 1.000000000000000000e+00
1.247383514242943192e-02 1.000000000000000000e+00
1.270574105208541887e-02 1.000000000000000000e+00
1.294195841449986319e-02 1.000000000000000000e+00
1.318256738556407466e-02 1.000000000000000000e+00
1.342764961137864199e-02 1.000000000000000000e+00
1.367728825595849497e-02 1.000000000000000000e+00
1.393156802945303557e-02 1.000000000000000000e+00
1.419057521689092577e-02 1.000000000000000000e+00
1.445439770745927249e-02 1.000000000000000000e+00
1.472312502432718620e-02 1.000000000000000000e+00
1.499684835502373276e-02 1.000000000000000000e+00
1.527566058238072344e-02 1.000000000000000000e+00
1.555965631605074270e-02 1.000000000000000000e+00
1.584893192461113431e-02 1.000000000000000000e+00
1.614358556826486074e-02 1.000000000000000000e+00
1.644371723214931372e-02 1.000000000000000000e+00
1.674942876026437252e-02 1.000000000000000000e+00
1.706082389003123548e-02 1.000000000000000000e+00
1.737800828749375484e-02 1.000000000000000000e+00
1.770108958317421002e-02 1.000000000000000000e+00
1.803017740859568993e-02 1.000000000000000000e+00
1.836538343348346342e-02 1.000000000000000000e+00
1.870682140365800480e-02 1.000000000000000000e+00
1.905460717963247327e-02 1.000000000000000000e+00
1.940885877592778141e-02 1.000000000000000000e+00
1.976969640111861035e-02 1.000000000000000000e+00
2.013724249862388488e-02 1.000000000000000000e+00
2.051162178825565591e-02 1.000000000000000000e+00
2.089296130854039618e-02 1.000000000000000000e+00
2.128139045982712155e-02 1.000000000000000000e+00
2.167704104819695096e-02 9.999997312661549342e-01
2.208004733018900309e-02 9.999978671758803506e-01
2.249054605835781526e-02 9.999943225532045288e-01
2.290867652767773419e-02 9.999892024204056762e-01
2.333458062281003331e-02 9.999826053150303595e-01
2.376840286624877160e-02 9.999746236851122516e-01
2.421029046736178705e-02 9.999653442606944997e-01
2.466039337234339837e-02 9.999548484030466033e-01
2.511886431509580825e-02 9.999432124328839766e-01
2.558585886905645132e-02 9.999305079388278727e-01
2.606153549998894980e-02 9.999168020672685175e-01
2.654605561975538833e-02 9.999021577947329043e-01
2.703958364108843479e-02 9.998866341837899796e-01
2.754228703338166065e-02 9.998702866234739917e-01
2.805433637951713216e-02 9.998531670551399353e-01
2.857590543374946557e-02 9.998353241846239525e-01
2.910717118066605269e-02 9.998168036815213711e-01
2.964831389524342359e-02 9.997976483663516545e-01
3.019951720402016052e-02 9.997778983863360169e-01
3.076096814740707924e-02 9.997575913804688241e-01
3.133285724315585524e-02 9.997367626345238234e-01
3.191537855100761573e-02 9.997154452266004965e-01
3.250872973854343484e-02 9.996936701637795242e-01
3.311311214825911342e-02 9.996714665104206032e-01
3.372873086588688840e-02 9.996488615086092100e-01
3.435579478998746633e-02 9.996258806912230455e-01
3.499451670283573040e-02 9.996025479880662479e-01
3.564511334262442793e-02 9.995788858254895937e-01
3.630780547701013827e-02 9.995549152198904830e-01
3.698281797802662613e-02 9.995306558654660778e-01
3.767037989839089329e-02 9.995061262165643168e-01
3.837072454922788034e-02 9.994813435649652078e-01
3.908408957924021376e-02 9.994563241123977093e-01
3.981071705534973415e-02 9.994310830385826350e-01
4.055085354483839444e-02 9.994056345650756956e-01
4.130475019901614503e-02 9.993799920151642535e-01
4.207266283844442178e-02 9.993541678700617048e-01
4.285485203974396390e-02 9.993281738216219789e-01
4.365158322401661156e-02 9.993020208217909817e-01
4.446312674691088596e-02 9.992757191289908247e-01
4.528975799036209088e-02 9.992492783516279120e-01
4.613175745603795286e-02 9.992227074888996308e-01
4.698941086052153132e-02 9.991960149690651827e-01
4.786300923226382426e-02 9.991692086853366517e-01
4.875284901033862667e-02 9.991422960295384126e-01
4.965923214503360078e-02 9.991152839236675520e-01
5.058246620031139895e-02 9.990881788494908600e-01
5.152286445817564481e-02 9.990609868762932999e-01
5.248074602497725810e-02 9.990337136868959744e-01
5.345643593969716389e-02 9.990063646020490573e-01
5.445026528424212059e-02 9.989789446033000564e-01
5.546257129579107437e-02 9.989514583544308879e-01
5.649369748123025253e-02 9.989239102215553556e-01
5.754399373371569398e-02 9.988963042919549729e-01
5.861381645140287949e-02 9.988686443917360602e-01
5.970352865838369355e-02 9.988409341023793964e-01
6.081350012787179599e-02 9.988131767762493674e-01
6.194410750767814777e-02 9.987853755511307829e-01
6.309573444801933051e-02 9.987575333638510910e-01
6.426877173170197910e-02 9.987296529630457220e-01
6.546361740672750062e-02 9.987017369211199647e-01
6.668067692136221691e-02 9.986737876454564455e-01
6.792036326171846383e-02 9.986458073889192821e-01
6.918309709189365830e-02 9.986177982596911029e-01
7.046930689671471182e-02 9.985897622304922283e-01
7.177942912713618229e-02 9.985617011472159854e-01
7.311390834834176344e-02 9.985336167370184590e-01
7.447319739059891919e-02 9.985055106158955418e-01
7.585775750291839925e-02 9.984773842957808121e-01
7.726805850957024768e-02 9.984492391911913289e-01
7.870457896950988630e-02 9.984210766254528746e-01
8.016780633876793849e-02 9.983928978365275153e-01
8.165823713585926291e-02 9.983647039824710134e-01
8.317637711026708291e-02 9.983364961465389653e-01
8.472274141405963799e-02 9.983082753419668665e-01
8.629785477669701943e-02 9.982800425164426450e-01
8.790225168308841985e-02 9.982517985562876506e-01
8.953647655495937385e-02 9.982235442903678591e-01
9.120108393559096804e-02 9.981952804937467283e-01
9.289663867799362318e-02 9.981670078910956923e-01
9.462371613657930003e-02 9.981387271598801680e-01
9.638290236239704933e-02 9.981104389436484814e-01
9.817479430199843593e-02 9.980821438679381430e-01
1.000000000000000056e-01 9.980538424281399923e-01
1.018591388054116975e-01 9.980255351674542919e-01
1.037528415818012584e-01 9.979972225642944617e-01
1.056817509213658496e-01 9.979689050772998504e-01
1.076465213629834994e-01 9.979405831302832208e-01
1.096478196143185063e-01 9.979122571193521640e-01
1.116863247780561230e-01 9.978839274148664229e-01
1.137627285823430978e-01 9.978555943634525027e-01
1.158777356155126226e-01 9.978272582922286249e-01
1.180320635651729844e-01 9.977989194992881172e-01
1.202264434617413141e-01 9.977705782689196834e-01
1.224616199265048944e-01 9.977422348701689980e-01
1.247383514242943192e-01 9.977138895422346110e-01
1.270574105208542026e-01 9.976855425228841057e-01
1.294195841449986284e-01 9.976571940256164783e-01
1.318256738556407293e-01 9.976288442679879243e-01
1.342764961137864199e-01 9.976004934361795140e-01
1.367728825595849462e-01 9.975721416875322767e-01
1.393156802945303419e-01 9.975437892185645694e-01
1.419057521689092716e-01 9.975154361175232465e-01
1.445439770745927943e-01 9.974870825894139870e-01
1.472312502432719383e-01 9.974587287582582507e-01
1.499684835502373970e-01 9.974303747415386168e-01
1.527566058238073177e-01 9.974020206586985404e-01
1.555965631605074895e-01 9.973736666185712973e-01
1.584893192461114264e-01 9.973453127250332395e-01
1.614358556826487046e-01 9.973169590789583427e-01
1.644371723214932413e-01 9.972886057627220469e-01
1.674942876026438154e-01 9.972602528622799278e-01
1.706082389003124311e-01 9.972319004545568966e-01
1.737800828749376247e-01 9.972035486166103135e-01
1.770108958317422043e-01 9.971751974130147467e-01
1.803017740859569895e-01 9.971468469130773116e-01
1.836538343348347313e-01 9.971184971896003280e-01
1.870682140365801660e-01 9.970901482748419919e-01
1.905460717963248229e-01 9.970618002312002792e-01
1.940885877592779252e-01 9.970334530997583267e-01
1.976969640111861937e-01 9.970051069303286218e-01
2.013724249862389459e-01 9.969767617682963046e-01
2.051162178825564619e-01 9.969484176492252603e-01
2.089296130854038647e-01 9.969200746133144442e-01
2.128139045982711253e-01 9.968917326935183842e-01
2.167704104819694055e-01 9.968633919250227127e-01
2.208004733018899268e-01 9.968350523290054888e-01
2.249054605835780485e-01 9.968067139480289995e-01
2.290867652767772378e-01 9.967783767965678887e-01
2.333458062281001943e-01 9.967500409042079346e-01
2.376840286624875842e-01 9.967217062918954928e-01
2.421029046736177526e-01 9.966933729809568376e-01
2.466039337234338658e-01 9.966650409918171860e-01
2.511886431509579576e-01 9.966367103590900722e-01
2.558585886905645479e-01 9.966083810799262199e-01
2.606153549998895258e-01 9.965800531769221093e-01
2.654605561975538763e-01 9.965517266631949145e-01
2.703958364108843271e-01 9.965234015527038025e-01
2.754228703338166273e-01 9.964950778614627414e-01
2.805433637951713077e-01 9.964667556022365202e-01
2.857590543374946557e-01 9.964384347840431477e-01
2.910717118066605269e-01 9.964101154161116858e-01
2.964831389524342220e-01 9.963817975139197536e-01
3.019951720402015982e-01 9.963534810872711756e-01
3.076096814740708063e-01 9.963251661403683679e-01
3.133285724315585385e-01 9.962968526821834869e-01
3.191537855100761711e-01 9.962685407223498268e-01
3.250872973854344039e-01 9.962402302642984209e-01
3.311311214825911065e-01 9.962119213205655743e-01
3.372873086588689118e-01 9.961836138889266223e-01
3.435579478998746494e-01 9.961553079867174754e-01
3.499451670283573179e-01 9.961270036158476060e-01
3.564511334262442932e-01 9.960987007800778947e-01
3.630780547701014105e-01 9.960703994748799639e-01
3.698281797802662751e-01 9.960420997167950263e-01
3.767037989839089329e-01 9.960138015031972936e-01
3.837072454922788589e-01 9.959855048477924688e-01
3.908408957924021099e-01 9.959572097365032572e-01
3.981071705534973137e-01 9.959289161700896065e-01
4.055085354483839444e-01 9.959006241944456939e-01
4.130475019901614364e-01 9.958723337742649839e-01
4.207266283844441901e-01 9.958440449159322583e-01
4.285485203974396251e-01 9.958157576245323384e-01
4.365158322401661017e-01 9.957874719074095715e-01
4.446312674691088040e-01 9.957591877595902696e-01
4.528975799036208949e-01 9.957309051877969441e-01
4.613175745603795286e-01 9.957026241928900179e-01
4.698941086052155769e-01 9.956743447760266763e-01
4.786300923226385340e-01 9.956460669600153413e-01
4.875284901033865026e-01 9.956177907734906629e-01
4.965923214503362715e-01 9.955895161302066310e-01
5.058246620031142671e-01 9.955612431042648591e-01
5.152286445817566563e-01 9.955329716875906954e-01
5.248074602497728725e-01 9.955047018646387968e-01
5.345643593969718887e-01 9.954764336657572210e-01
5.445026528424214973e-01 9.954481670815811256e-01
5.546257129579110767e-01 9.954199021664147384e-01
5.649369748123028723e-01 9.953916388980790231e-01
5.754399373371572590e-01 9.953633773254449979e-01
5.861381645140291141e-01 9.953351174968823045e-01
5.970352865838371992e-01 9.953068594142762127e-01
6.081350012787182235e-01 9.952786018652586275e-01
6.194410750767818108e-01 9.952503454182061171e-01
6.309573444801935826e-01 9.952220913407179292e-01
6.426877173170200130e-01 9.951938387985259649e-01
6.546361740672747009e-01 9.951655878207891215e-01
6.668067692136219193e-01 9.951373384385173715e-01
6.792036326171843053e-01 9.951090908897782805e-01
6.918309709189363055e-01 9.950808447096533005e-01
7.046930689671466741e-01 9.950526003497875971e-01
7.177942912713615176e-01 9.950243574266633972e-01
7.311390834834172736e-01 9.949961163016466381e-01
7.447319739059888866e-01 9.949678766712827249e-01
7.585775750291835484e-01 9.949396388204817532e-01
7.726805850957021438e-01 9.949114024723209049e-01
7.870457896950984189e-01 9.948831678026881509e-01
8.016780633876789963e-01 9.948549348705554296e-01
8.165823713585922405e-01 9.948267036459079726e-01
8.317637711026708569e-01 9.947984728748148209e-01
8.472274141405963244e-01 9.947702442556183300e-01
8.629785477669701388e-01 9.947420171701347735e-01
8.790225168308842818e-01 9.947137919033619546e-01
8.953647655495937663e-01 9.946855682301998236e-01
9.120108393559096527e-01 9.946573460381208376e-01
9.289663867799362595e-01 9.946291256219347288e-01
9.462371613657929448e-01 9.946009066968837242e-01
9.638290236239704933e-01 9.945726894825969167e-01
9.817479430199843593e-01 9.945444738530654361e-01
1.000000000000000000e+00 9.945162597730575760e-01
1.018591388054116864e+00 9.944880473216968220e-01
1.037528415818012695e+00 9.944598365265283624e-01
1.056817509213658468e+00 9.944316273550027896e-01
1.076465213629834938e+00 9.944034198373168376e-01
1.096478196143185091e+00 9.943752139291993641e-01
1.116863247780561119e+00 9.943470092279474981e-01
1.137627285823431089e+00 9.943188062337797728e-01
1.158777356155126226e+00 9.942906049941927504e-01
1.180320635651729733e+00 9.942624052556869874e-01
1.202264434617413169e+00 9.942342070960770162e-01
1.224616199265048833e+00 9.942060106083914217e-01
1.247383514242943248e+00 9.941778157252247894e-01
1.270574105208541971e+00 9.941496224099876100e-01
1.294195841449986339e+00 9.941214307517299842e-01
1.318256738556407459e+00 9.940932406317868342e-01
1.342764961137864255e+00 9.940650521829377251e-01
1.367728825595849518e+00 9.940368653322688708e-01
1.393156802945303641e+00 9.940086800275782508e-01
1.419057521689092605e+00 9.939804964192859860e-01
1.445439770745927888e+00 9.939523143536024286e-01
1.472312502432719272e+00 9.939241339163549238e-01
1.499684835502373970e+00 9.938959550799936205e-01
1.527566058238073232e+00 9.938677776335885783e-01
1.555965631605074950e+00 9.938396019064785758e-01
1.584893192461114042e+00 9.938114277244711747e-01
1.614358556826486879e+00 9.937832552673663278e-01
1.644371723214932413e+00 9.937550843010918289e-01
1.674942876026438210e+00 9.937269149654704981e-01
1.706082389003124256e+00 9.936987472665687049e-01
1.737800828749376247e+00 9.936705811045064562e-01
1.770108958317422099e+00 9.936424166144313119e-01
1.803017740859569784e+00 9.936142536605886422e-01
1.836538343348347313e+00 9.935860923895769581e-01
1.870682140365801605e+00 9.935579325869153822e-01
1.905460717963248340e+00 9.935297745075328812e-01
1.940885877592779307e+00 9.935016179348660215e-01
1.976969640111861937e+00 9.934734630385797516e-01
2.013724249862389293e+00 9.934453097032198698e-01
2.051162178825566951e+00 9.934171579101703786e-01
2.089296130854040978e+00 9.933890077444663680e-01
2.128139045982713196e+00 9.933608591492089079e-01
2.167704104819693889e+00 9.933327121650277203e-01
2.208004733018899213e+00 9.933045667853255267e-01
2.249054605835780318e+00 9.932764230218800172e-01
2.290867652767772267e+00 9.932482808137030883e-01
2.333458062281001943e+00 9.932201402234631660e-01
2.376840286624875898e+00 9.931920012023095490e-01
2.421029046736177470e+00 9.931638638194050239e-01
2.466039337234338547e+00 9.931357279976196217e-01
2.511886431509579687e+00 9.931075938077291720e-01
2.558585886905645257e+00 9.930794611383911841e-01
2.606153549998894814e+00 9.930513301646194391e-01
2.654605561975539096e+00 9.930232007634397506e-01
2.703958364108843160e+00 9.929950729319825253e-01
2.754228703338166273e+00 9.929669467104176306e-01
2.805433637951713077e+00 9.929388219859761611e-01
2.857590543374946446e+00 9.929106989326681454e-01
2.910717118066604936e+00 9.928825775209051407e-01
2.964831389524342331e+00 9.928544576245054154e-01
3.019951720402016093e+00 9.928263393219203259e-01
3.076096814740707952e+00 9.927982226290980039e-01
3.133285724315585608e+00 9.927701075376881290e-01
3.191537855100761600e+00 9.927419940254907926e-01
3.250872973854343595e+00 9.927138821269076985e-01
3.311311214825911176e+00 9.926857718075550174e-01
3.372873086588688896e+00 9.926576630900988407e-01
3.435579478998746605e+00 9.926295559434115123e-01
3.499451670283573179e+00 9.926014504276322592e-01
3.564511334262442599e+00 9.925733464653806459e-01
3.630780547701013994e+00 9.925452441240995016e-01
3.698281797802662751e+00 9.925171433567563373e-01
3.767037989839089107e+00 9.924890441754535830e-01
3.837072454922788367e+00 9.924609465744450576e-01
3.908408957924021099e+00 9.924328505681156987e-01
3.981071705534973137e+00 9.924047561704080200e-01
4.055085354483838778e+00 9.923766633476355237e-01
4.130475019901614253e+00 9.923485721273594962e-01
4.207266283844441901e+00 9.923204824858238293e-01
4.285485203974396029e+00 9.922923944438233335e-01
4.365158322401661017e+00 9.922643079838656677e-01
4.446312674691088596e+00 9.922362129107159534e-01
4.528975799036208727e+00 9.922070490093082284e-01
4.613175745603795619e+00 9.921761853369678308e-01
4.698941086052156102e+00 9.921437284871418294e-01
4.786300923226384896e+00 9.921097784370140893e-01
4.875284901033865026e+00 9.920744290069074545e-01
4.965923214503362715e+00 9.920377681933936209e-01
5.058246620031142449e+00 9.919998785588576284e-01
5.152286445817567007e+00 9.919608375215244189e-01
5.248074602497728058e+00 9.919207177247869600e-01
5.345643593969719554e+00 9.918795872969643490e-01
5.445026528424214085e+00 9.918375101268714911e-01
5.546257129579109879e+00 9.917945461228685478e-01
5.649369748123028501e+00 9.917507514806370716e-01
5.754399373371572146e+00 9.917061788862734373e-01
5.861381645140290253e+00 9.916608777448936429e-01
5.970352865838371770e+00 9.916148943742262301e-01
6.081350012787182457e+00 9.915682722172055596e-01
6.194410750767818108e+00 9.915210519836541447e-01
6.309573444801936049e+00 9.914732718515824050e-01
6.426877173170200130e+00 9.914249676036062109e-01
6.546361740672753449e+00 9.913761727868900531e-01
6.668067692136225411e+00 9.913269188409364885e-01
6.792036326171849936e+00 9.912772352420232691e-01
6.918309709189363055e+00 9.912271496155256045e-01
7.046930689671467185e+00 9.911766878322416652e-01
7.177942912713614732e+00 9.911258741732783539e-01
7.311390834834172736e+00 9.910747313727700236e-01
7.447319739059888200e+00 9.910232807358790863e-01
7.585775750291835706e+00 9.909715422269621543e-01
7.726805850957020994e+00 9.909195345584370651e-01
7.870457896950984633e+00 9.908672752533146388e-01
8.016780633876789963e+00 9.908147807391872730e-01
8.165823713585922405e+00 9.907620664005242217e-01
8.317637711026709013e+00 9.907091466521031897e-01
8.472274141405963022e+00 9.906560349969490975e-01
8.629785477669701166e+00 9.906027440845825982e-01
8.790225168308841930e+00 9.905492857651689853e-01
8.953647655495936775e+00 9.904956711351892151e-01
9.120108393559096527e+00 9.904419105931167033e-01
9.289663867799362151e+00 9.903880138726409710e-01
9.462371613657929004e+00 9.903339900901088066e-01
9.638290236239704711e+00 9.902798477878410610e-01
9.817479430199844259e+00 9.902255949625935472e-01
1.000000000000000000e+01 9.901712391043269168e-01
