1.000000000000000021e-03 1.000000000000000000e+00
1.018591388054116949e-03 1.000000000000000000e+00
1.037528415818012636e-03 9.958002046606235780e-01
1.056817509213658478e-03 9.867841965459394071e-01
1.076465213629834933e-03 9.758033678880163597e-01
1.096478196143185150e-03 9.638180173878028167e-01
1.116863247780561100e-03 9.513720819880908675e-01
1.137627285823430891e-03 9.388096352487290686e-01
1.158777356155126165e-03 9.263570196105461729e-01
1.180320635651729714e-03 9.141644895357970979e-01
1.202264434617413003e-03 9.023306884937611905e-01
1.224616199265048892e-03 8.909183092775693202e-01
1.247383514242943279e-03 8.799646437616379657e-01
1.270574105208541974e-03 8.694889256630407015e-01
1.294195841449986232e-03 8.594975508653613927e-01
1.318256738556407509e-03 8.499878410580814503e-01
1.342764961137864156e-03 8.409507819267807438e-01
1.367728825595849410e-03 8.323730263096802418e-01
1.393156802945303557e-03 8.242383635454813007e-01
1.419057521689092577e-03 8.165287974093219381e-01
1.445439770745927987e-03 8.092253350173859161e-01
1.472312502432719271e-03 8.023085612117083487e-01
1.499684835502374143e-03 7.957590531710554416e-01
1.527566058238073168e-03 7.895576757738814733e-01
1.555965631605074964e-03 7.836857878924402554e-01
1.584893192461114082e-03 7.781253821988227681e-01
1.614358556826487028e-03 7.728591754415884418e-01
1.644371723214932326e-03 7.678706619655865095e-01
1.674942876026438250e-03 7.631441401142449177e-01
1.706082389003124242e-03 7.586647187978384776e-01
1.737800828749376265e-03 7.544183097334175025e-01
1.770108958317422000e-03 7.503916095161852207e-01
1.803017740859569947e-03 7.465720746605818414e-01
1.836538343348347339e-03 7.429478919724168406e-01
1.870682140365801695e-03 7.395079460216048561e-01
1.905460717963248195e-03 7.362417850338736081e-01
1.940885877592779312e-03 7.331395861756612176e-01
1.976969640111860081e-03 7.301921209440070948e-01
2.013724249862387447e-03 7.273907211733228184e-01
2.051162178825564637e-03 7.247272460189072563e-01
2.089296130854038577e-03 7.221940501617992725e-01
2.128139045982711374e-03 7.197839533924944577e-01
2.167704104819694055e-03 7.174902116656726170e-01
2.208004733018899008e-03 7.153064896693431818e-01
2.249054605835780311e-03 7.132268349158693566e-01
2.290867652767772378e-03 7.112456533361786182e-01
2.333458062281002030e-03 7.093576863398307619e-01
2.376840286624876033e-03 7.075579892906835866e-01
2.421029046736177751e-03 7.058419113393411548e-01
2.466039337234338710e-03 7.042050765482852359e-01
2.511886431509579437e-03 7.026433662427907789e-01
2.558585886905645219e-03 7.011529025197587028e-01
2.606153549998894894e-03 6.997300328469833186e-01
2.654605561975539006e-03 6.983713156867297212e-01
2.703958364108843566e-03 6.970735070795418542e-01
2.754228703338165978e-03 6.958335481267104994e-01
2.805433637951713129e-03 6.946485533126415257e-01
2.857590543374946730e-03 6.935157996113425760e-01
2.910717118066605269e-03 6.924327163243049199e-01
2.964831389524342272e-03 6.913968756001199756e-01
3.019951720402016138e-03 6.904059835891889207e-01
3.076096814740708011e-03 6.894578721898211304e-01
3.133285724315585784e-03 6.885504913448484698e-01
3.191537855100761399e-03 6.876819018505887504e-01
3.250872973854343657e-03 6.868502686425670412e-01
3.311311214825910908e-03 6.860538545248378028e-01
3.372873086588689100e-03 6.852910143120447550e-01
3.435579478998746286e-03 6.845601893555138817e-01
3.499451670283573214e-03 6.838599024266933668e-01
3.564511334262442620e-03 6.831887529331379660e-01
3.630780547701014001e-03 6.825454124440093473e-01
3.698281797802662786e-03 6.819286205036900750e-01
3.767037989839089156e-03 6.813371807136527902e-01
3.837072454922788207e-03 6.807699570641320141e-01
3.908408957924020856e-03 6.802258704984831539e-01
3.981071705534973415e-03 6.797038956943199928e-01
4.055085354483838923e-03 6.792030580466762446e-01
4.130475019901614850e-03 6.787224308394804728e-01
4.207266283844442178e-03 6.782611325926164447e-01
4.285485203974396737e-03 6.778183245727501527e-01
4.365158322401660983e-03 6.773932084569352918e-01
4.446312674691088596e-03 6.769850241388047918e-01
4.528975799036208914e-03 6.765930476678588823e-01
4.613175745603795459e-03 6.762165893130457350e-01
4.698941086052155734e-03 6.758549917424392373e-01
4.786300923226385375e-03 6.755076283114002100e-01
4.875284901033865269e-03 6.751739014521355164e-01
4.965923214503362680e-03 6.748532411580686619e-01
5.058246620031137293e-03 6.745451035568850173e-01
5.152286445817561532e-03 6.742489695665498939e-01
5.248074602497722861e-03 6.739643436289811662e-01
5.345643593969713440e-03 6.736907525164325117e-01
5.445026528424209283e-03 6.734277442059733998e-01
5.546257129579105008e-03 6.731748868177743761e-01
5.649369748123022304e-03 6.729317676131935100e-01
5.754399373371566623e-03 6.726979920489305487e-01
5.861381645140284653e-03 6.724731828837706704e-01
5.970352865838366233e-03 6.722569793346687694e-01
6.081350012787175956e-03 6.720490362791460281e-01
6.194410750767811655e-03 6.718490235011699285e-01
6.309573444801930275e-03 6.716566249778789244e-01
6.426877173170193573e-03 6.714715382046826386e-01
6.546361740672746767e-03 6.712934735564363153e-01
6.668067692136218742e-03 6.711221536825350276e-01
6.792036326171843434e-03 6.709573129339154729e-01
6.918309709189362708e-03 6.707986968200819744e-01
7.046930689671467365e-03 6.706460614943958731e-01
7.177942912713615280e-03 6.704991732659821846e-01
7.311390834834172354e-03 6.703578081367096431e-01
7.447319739059888796e-03 6.702217513617988454e-01
7.585775750291835935e-03 6.700907970327106833e-01
7.726805850957021646e-03 6.699647476810410840e-01
7.870457896950984814e-03 6.698434139022391154e-01
8.016780633876788992e-03 6.697266139980333488e-01
8.165823713585922128e-03 6.696141736365198716e-01
8.317637711026708985e-03 6.695059255289362854e-01
8.472274141405963452e-03 6.694017091221968752e-01
8.629785477669701596e-03 6.693013703063284137e-01
8.790225168308843026e-03 6.692047611359956960e-01
8.953647655495937385e-03 6.691117395653534139e-01
9.120108393559096804e-03 6.690221691955078320e-01
9.289663867799363706e-03 6.689359190339184691e-01
9.462371613657928962e-03 6.688528632651001837e-01
9.638290236239705627e-03 6.687728810320375805e-01
9.817479430199843246e-03 6.686958562277448559e-01
1.000000000000000021e-02 6.686216772964456156e-01
1.018591388054116906e-02 6.685502370438756170e-01
1.037528415818012723e-02 6.684814324562398102e-01
1.056817509213658565e-02 6.684151645273810338e-01
1.076465213629834890e-02 6.683513380937459170e-01
1.096478196143185063e-02 6.682898616767535271e-01
1.116863247780561230e-02 6.682306473321973916e-01
1.137627285823430978e-02 6.681736105063296183e-01
1.158777356155126122e-02 6.681186698983012651e-01
1.180320635651729844e-02 6.680657473286393255e-01
1.202264434617413176e-02 6.680147676134736701e-01
1.224616199265048978e-02 6.679656584442303924e-01
1.247383514242943192e-02 6.679183502725295485e-01
1.270574105208541887e-02 6.678727762000380430e-01
1.294195841449986319e-02 6.678288718730411855e-01
1.318256738556407466e-02 6.677865753815130923e-01
1.342764961137864199e-02 6.677458271624668873e-01
1.367728825595849497e-02 6.677065699073945204e-01
1.393156802945303557e-02 6.676687484735971401e-01
1.419057521689092577e-02 6.676323097992329370e-01
1.445439770745927249e-02 6.675972028219075982e-01
1.472312502432718620e-02 6.675633784006475002e-01
1.499684835502373276e-02 6.675307892411018740e-01
1.527566058238072344e-02 6.674993898238280599e-01
1.555965631605074270e-02 6.674691363355205187e-01
1.584893192461113431e-02 6.674399866030535922e-01
1.614358556826486074e-02 6.674119000302117799e-01
1.644371723214931372e-02 6.673848375369899610e-01
1.674942876026437252e-02 6.673587615013489849e-01
1.706082389003123548e-02 6.673336357033213817e-01
1.737800828749375484e-02 6.673094252713623886e-01
1.770108958317421002e-02 6.672860966308512554e-01
1.803017740859568993e-02 6.672636174546492382e-01
1.836538343348346342e-02 6.672419566156256865e-01
1.870682140365800480e-02 6.672210841410680660e-01
1.905460717963247327e-02 6.672009711688996481e-01
1.940885877592778141e-02 6.671815899056194876e-01
1.976969640111861035e-02 6.671629135859036275e-01
2.013724249862388488e-02 6.671449164337880378e-01
2.051162178825565591e-02 6.671275736253736710e-01
2.089296130854039618e-02 6.671108612529862425e-01
2.128139045982712155e-02 6.670947562907333372e-01
2.167704104819695096e-02 6.670792365613993358e-01
2.208004733018900309e-02 6.670642807046238687e-01
2.249054605835781526e-02 6.670498681463120638e-01
2.290867652767773419e-02 6.670359790692240720e-01
2.333458062281003331e-02 6.670225943846989081e-01
2.376840286624877160e-02 6.670096957054633124e-01
2.421029046736178705e-02 6.669972653194862211e-01
2.466039337234339837e-02 6.669852861648312148e-01
2.511886431509580825e-02 6.669737418054721978e-01
2.558585886905645132e-02 6.669626164080305619e-01
2.606153549998894980e-02 6.669518947193977532e-01
2.654605561975538833e-02 6.669415620452099347e-01
2.703958364108843479e-02 6.669316042291375535e-01
2.754228703338166065e-02 6.669220076329601676e-01
2.805433637951713216e-02 6.669127591173961145e-01
2.857590543374946557e-02 6.669038460236542676e-01
2.910717118066605269e-02 6.668952561556829028e-01
2.964831389524342359e-02 6.668869777630869189e-01
3.019951720402016052e-02 6.668789995246868774e-01
3.076096814740707924e-02 6.668713105326961044e-01
3.133285724315585524e-02 6.668639002774910951e-01
3.191537855100761573e-02 6.668567586329519070e-01
3.250872973854343484e-02 6.668498758423527795e-01
3.311311214825911342e-02 6.668432425047781109e-01
3.372873086588688840e-02 6.668368495620464742e-01
3.435579478998746633e-02 6.668306882861222418e-01
3.499451670283573040e-02 6.668247502669960580e-01
3.564511334262442793e-02 6.668190274010166174e-01
3.630780547701013827e-02 6.668135118796553185e-01
3.698281797802662613e-02 6.668081961786891387e-01
3.767037989839089329e-02 6.668030730477852996e-01
3.837072454922788034e-02 6.667981355004698463e-01
3.908408957924021376e-02 6.667933768044710385e-01
3.981071705534973415e-02 6.667887904724172365e-01
4.055085354483839444e-02 6.667843702528806205e-01
4.130475019901614503e-02 6.667801101217510906e-01
4.207266283844442178e-02 6.667760042739290238e-01
4.285485203974396390e-02 6.667720471153242290e-01
4.365158322401661156e-02 6.667682332551503332e-01
4.446312674691088596e-02 6.667645574985022749e-01
4.528975799036209088e-02 6.667610148392087988e-01
4.613175745603795286e-02 6.667576004529459643e-01
4.698941086052153132e-02 6.667543096906052291e-01
4.786300923226382426e-02 6.667511380719050029e-01
4.875284901033862667e-02 6.667480812792366818e-01
4.965923214503360078e-02 6.667451351517369451e-01
5.058246620031139895e-02 6.667422956795773237e-01
5.152286445817564481e-02 6.667395589984630444e-01
5.248074602497725810e-02 6.667369213843346021e-01
5.345643593969716389e-02 6.667343792482615106e-01
5.445026528424212059e-02 6.667319291315253471e-01
5.546257129579107437e-02 6.667295677008807653e-01
5.649369748123025253e-02 6.667272917439917013e-01
5.754399373371569398e-02 6.667250981650330033e-01
5.861381645140287949e-02 6.667229839804534874e-01
5.970352865838369355e-02 6.667209463148949800e-01
6.081350012787179599e-02 6.667189823972575757e-01
6.194410750767814777e-02 6.667170895569124456e-01
6.309573444801933051e-02 6.667152652200493135e-01
6.426877173170197910e-02 6.667135069061592700e-01
6.546361740672750062e-02 6.667118122246459277e-01
6.668067692136221691e-02 6.667101788715591448e-01
6.792036326171846383e-02 6.667086046264486532e-01
6.918309709189365830e-02 6.667070873493324834e-01
7.046930689671471182e-02 6.667056249777744137e-01
7.177942912713618229e-02 6.667042155240708867e-01
7.311390834834176344e-02 6.667028570725364034e-01
7.447319739059891919e-02 6.667015477768917231e-01
7.585775750291839925e-02 6.667002858577438795e-01
7.726805850957024768e-02 6.666990696001608985e-01
7.870457896950988630e-02 6.666978973513314477e-01
8.016780633876793849e-02 6.666967675183133046e-01
8.165823713585926291e-02 6.666956785658597617e-01
8.317637711026708291e-02 6.666946290143294096e-01
8.472274141405963799e-02 6.666936174376678625e-01
8.629785477669701943e-02 6.666926424614654234e-01
8.790225168308841985e-02 6.666917027610845814e-01
8.953647655495937385e-02 6.666907970598556776e-01
9.120108393559096804e-02 6.666899241273372967e-01
9.289663867799362318e-02 6.666890827776416062e-01
9.462371613657930003e-02 6.666882718678185382e-01
9.638290236239704933e-02 6.666874902963002558e-01
9.817479430199843593e-02 6.666867370014012417e-01
1.000000000000000056e-01 6.666860109598727879e-01
1.018591388054116975e-01 6.666853111855105540e-01
1.037528415818012584e-01 6.666846367278125296e-01
1.056817509213658496e-01 6.666839866706847362e-01
1.076465213629834994e-01 6.666833601311955571e-01
1.096478196143185063e-01 6.666827562583738098e-01
1.116863247780561230e-01 6.666821742320512278e-01
1.137627285823430978e-01 6.666816132617462420e-01
1.158777356155126226e-01 6.666810725855899511e-01
1.180320635651729844e-01 6.666805514692880630e-01
1.202264434617413141e-01 6.666800492051233595e-01
1.224616199265048944e-01 6.666795651109935772e-01
1.247383514242943192e-01 6.666790985294820393e-01
1.270574105208542026e-01 6.666786488269658140e-01
1.294195841449986284e-01 6.666782153927526267e-01
1.318256738556407293e-01 6.666777976382509685e-01
1.342764961137864199e-01 6.666773949961706247e-01
1.367728825595849462e-01 6.666770069197499593e-01
1.393156802945303419e-01 6.666766328820142862e-01
1.419057521689092716e-01 6.666762723750581099e-01
1.445439770745927943e-01 6.666759249093553441e-01
1.472312502432719383e-01 6.666755900130946211e-01
1.499684835502373970e-01 6.666752672315364725e-01
1.527566058238073177e-01 6.666749561263967117e-01
1.555965631605074895e-01 6.666746562752502436e-01
1.584893192461114264e-01 6.666743672709568580e-01
1.614358556826487046e-01 6.666740887211080047e-01
1.644371723214932413e-01 6.666738202474943309e-01
1.674942876026438154e-01 6.666735614855904268e-01
1.706082389003124311e-01 6.666733120840605542e-01
1.737800828749376247e-01 6.666730717042808063e-01
1.770108958317422043e-01 6.666728400198793647e-01
1.803017740859569895e-01 6.666726167162927430e-01
1.836538343348347313e-01 6.666724014903386841e-01
1.870682140365801660e-01 6.666721940498040455e-01
1.905460717963248229e-01 6.666719941130478944e-01
1.940885877592779252e-01 6.666718014086194799e-01
1.976969640111861937e-01 6.666716156748885291e-01
2.013724249862389459e-01 6.666714366596901975e-01
2.051162178825564619e-01 6.666712641199830092e-01
2.089296130854038647e-01 6.666710978215183436e-01
2.128139045982711253e-01 6.660600655284332205e-01
2.167704104819694055e-01 6.626746231234027507e-01
2.208004733018899268e-01 6.580604404697668608e-01
2.249054605835780485e-01 6.528032231143973130e-01
2.290867652767772378e-01 6.472003172866506171e-01
2.333458062281001943e-01 6.414360009301852683e-01
2.376840286624875842e-01 6.356328442692883440e-01
2.421029046736177526e-01 6.298747990123628737e-01
2.466039337234338658e-01 6.242198539217590492e-01
2.511886431509579576e-01 6.187078089350400711e-01
2.558585886905645479e-01 6.133654021209374863e-01
2.606153549998895258e-01 6.082098512576025184e-01
2.654605561975538763e-01 6.032513779926773623e-01
2.703958364108843271e-01 5.984950462122541337e-01
2.754228703338166273e-01 5.939421214597262466e-01
2.805433637951713077e-01 5.895910870353321398e-01
2.857590543374946557e-01 5.854384091725306494e-01
2.910717118066605269e-01 5.814791161052539348e-01
2.964831389524342220e-01 5.777072375342928723e-01
3.019951720402015982e-01 5.741161384625605990e-01
3.076096814740708063e-01 5.706987725614699469e-01
3.133285724315585385e-01 5.674478739173847153e-01
3.191537855100761711e-01 5.643561014070056503e-01
3.250872973854344039e-01 5.614161465536364748e-01
3.311311214825911065e-01 5.586208131800676213e-01
3.372873086588689118e-01 5.559630752627785499e-01
3.435579478998746494e-01 5.534361179410173248e-01
3.499451670283573179e-01 5.510333655251609120e-01
3.564511334262442932e-01 5.487484994961966400e-01
3.630780547701014105e-01 5.465754688296687869e-01
3.698281797802662751e-01 5.445084944666898075e-01
3.767037989839089329e-01 5.425420693570198738e-01
3.837072454922788589e-01 5.406709551887451948e-01
3.908408957924021099e-01 5.388901766759818246e-01
3.981071705534973137e-01 5.371950140852439493e-01
4.055085354483839444e-01 5.355809945311058584e-01
4.130475019901614364e-01 5.340438824536666296e-01
4.207266283844441901e-01 5.325796695971953820e-01
4.285485203974396251e-01 5.311845647358847122e-01
4.365158322401661017e-01 5.298549833346625215e-01
4.446312674691088040e-01 5.285875372872885780e-01
4.528975799036208949e-01 5.273790248379006673e-01
4.613175745603795286e-01 5.262264207637979974e-01
4.698941086052155769e-01 5.251268668749397017e-01
4.786300923226385340e-01 5.240776628681699245e-01
4.875284901033865026e-01 5.230762575605395481e-01
4.965923214503362715e-01 5.221202405155109805e-01
5.058246620031142671e-01 5.212073340676662836e-01
5.152286445817566563e-01 5.203353857452991393e-01
5.248074602497728725e-01 5.195023610855599161e-01
5.345643593969718887e-01 5.187063368333206803e-01
5.445026528424214973e-01 5.179454945123804777e-01
5.546257129579110767e-01 5.172181143558450822e-01
5.649369748123028723e-01 5.165225695813139284e-01
5.754399373371572590e-01 5.158573209957780792e-01
5.861381645140291141e-01 5.152209119147606042e-01
5.970352865838371992e-01 5.146119633801361504e-01
6.081350012787182235e-01 5.140291696611853922e-01
6.194410750767818108e-01 5.134712940237192713e-01
6.309573444801935826e-01 5.129371647525061695e-01
6.426877173170200130e-01 5.124256714127135570e-01
6.546361740672747009e-01 5.119357613366182225e-01
6.668067692136219193e-01 5.114664363224205035e-01
6.792036326171843053e-01 5.110167495325943499e-01
6.918309709189363055e-01 5.105858025798192257e-01
7.046930689671466741e-01 5.101727427891465938e-01
7.177942912713615176e-01 5.097767606256632389e-01
7.311390834834172736e-01 5.093970872774929992e-01
7.447319739059888866e-01 5.090329923845626769e-01
7.585775750291835484e-01 5.086837819041003517e-01
7.726805850957021438e-01 5.083487961043713366e-01
7.870457896950984189e-01 5.080274076786633897e-01
8.016780633876789963e-01 5.077190199720116315e-01
8.165823713585922405e-01 5.074230653136199143e-01
8.317637711026708569e-01 5.071390034483654885e-01
8.472274141405963244e-01 5.068663200611872588e-01
8.629785477669701388e-01 5.066045253885478328e-01
8.790225168308842818e-01 5.063531529115230523e-01
8.953647655495937663e-01 5.061117581254205300e-01
9.120108393559096527e-01 5.058799173811523442e-01
9.289663867799362595e-01 5.056572267938880261e-01
9.462371613657929448e-01 5.054433012148090709e-01
9.638290236239704933e-01 5.052377732620410011e-01
9.817479430199843593e-01 5.050402924071033528e-01
1.000000000000000000e+00 5.048505241134456645e-01
1.018591388054116864e+00 5.046681490238607015e-01
1.037528415818012695e+00 5.044928621937688762e-01
1.056817509213658468e+00 5.043243723675705503e-01
1.076465213629834938e+00 5.041624012954289968e-01
1.096478196143185091e+00 5.040066830880289839e-01
1.116863247780561119e+00 5.038569636070057145e-01
1.137627285823431089e+00 5.037129998888902893e-01
1.158777356155126226e+00 5.035745596005519742e-01
1.180320635651729733e+00 5.034414205242524476e-01
1.202264434617413169e+00 5.033133700705398894e-01
1.224616199265048833e+00 5.031902048173318986e-01
1.247383514242943248e+00 5.030717300736328168e-01
1.270574105208541971e+00 5.029577594664346174e-01
1.294195841449986339e+00 5.028481145494432258e-01
1.318256738556407459e+00 5.027426244323521809e-01
1.342764961137864255e+00 5.026411254294708142e-01
1.367728825595849518e+00 5.025434607265877318e-01
1.393156802945303641e+00 5.024494800650191051e-01
1.419057521689092605e+00 5.023590394418575578e-01
1.445439770745927888e+00 5.022720008254987212e-01
1.472312502432719272e+00 5.021882318855795946e-01
1.499684835502373970e+00 5.021076057365149170e-01
1.527566058238073232e+00 5.020300006938708259e-01
1.555965631605074950e+00 5.019553000428574885e-01
1.584893192461114042e+00 5.018833918182700193e-01
1.614358556826486879e+00 5.018141685952450803e-01
1.644371723214932413e+00 5.017475272902407468e-01
1.674942876026438210e+00 5.016833689716800881e-01
1.706082389003124256e+00 5.016215986797374349e-01
1.737800828749376247e+00 5.015621252547713960e-01
1.770108958317422099e+00 5.015048611739417739e-01
1.803017740859569784e+00 5.014497223955760585e-01
1.836538343348347313e+00 5.013966282108722750e-01
1.870682140365801605e+00 5.013455011025537145e-01
1.905460717963248340e+00 5.012962666101108411e-01
1.940885877592779307e+00 5.012488532012874254e-01
1.976969640111861937e+00 5.012031921494887188e-01
2.013724249862389293e+00 5.011592174168063574e-01
2.051162178825566951e+00 5.011168655423738905e-01
2.089296130854040978e+00 5.010760755357805962e-01
2.128139045982713196e+00 5.010367887752910088e-01
2.167704104819693889e+00 5.009989489106256855e-01
2.208004733018899213e+00 5.009625017700780614e-01
2.249054605835780318e+00 5.009273952717527845e-01
2.290867652767772267e+00 5.008935793387198077e-01
2.333458062281001943e+00 5.008610058178956104e-01
2.376840286624875898e+00 5.008296284024672529e-01
2.421029046736177470e+00 5.007994025576918418e-01
2.466039337234338547e+00 5.007702854499032075e-01
2.511886431509579687e+00 5.007422358785786898e-01
2.558585886905645257e+00 5.007152142113162618e-01
2.606153549998894814e+00 5.006891823215863235e-01
2.654605561975539096e+00 5.006641035291270470e-01
2.703958364108843160e+00 5.006399425428611494e-01
2.754228703338166273e+00 5.006166654062148558e-01
2.805433637951713077e+00 5.005942394447306931e-01
2.857590543374946446e+00 5.005726332158662029e-01
2.910717118066604936e+00 5.005518164608806497e-01
2.964831389524342331e+00 5.005317600587151361e-01
3.019951720402016093e+00 5.005124359817731960e-01
3.076096814740707952e+00 5.004938172535208230e-01
3.133285724315585608e+00 5.004758779078214426e-01
3.191537855100761600e+00 5.004585929499294483e-01
3.250872973854343595e+00 5.004419383190691351e-01
3.311311214825911176e+00 5.004258908525313077e-01
3.372873086588688896e+00 5.004104282512158441e-01
3.435579478998746605e+00 5.003955290465638139e-01
3.499451670283573179e+00 5.003811725688142031e-01
3.564511334262442599e+00 5.003673389165294028e-01
3.630780547701013994e+00 5.003540089273361691e-01
3.698281797802662751e+00 5.003411641498285434e-01
3.767037989839089107e+00 5.003287868165842145e-01
3.837072454922788367e+00 5.003168598182465843e-01
3.908408957924021099e+00 5.003053666786286824e-01
3.981071705534973137e+00 5.002942915307937444e-01
4.055085354483838778e+00 5.002836190940755934e-01
4.130475019901614253e+00 5.002733346519937507e-01
4.207266283844441901e+00 5.002634240310337432e-01
4.285485203974396029e+00 5.002538735802495307e-01
4.365158322401661017e+00 5.002446701516587435e-01
4.446312674691088596e+00 5.002358010813972022e-01
4.528975799036208727e+00 5.002272541716006327e-01
4.613175745603795619e+00 5.002190176729864879e-01
4.698941086052156102e+00 5.002110802681034585e-01
4.786300923226384896e+00 5.002034310552258001e-01
4.875284901033865026e+00 5.001960595328646120e-01
4.965923214503362715e+00 5.001889555848700875e-01
5.058246620031142449e+00 5.001821094661049738e-01
5.152286445817567007e+00 5.001755117886609314e-01
5.248074602497728058e+00 5.001691535086012497e-01
5.345643593969719554e+00 5.001630259132067158e-01
5.445026528424214085e+00 5.001571206087043198e-01
5.546257129579109879e+00 5.001514295084612538e-01
5.649369748123028501e+00 5.001459448216238890e-01
5.754399373371572146e+00 5.001406590421871856e-01
5.861381645140290253e+00 5.001355649384745528e-01
5.970352865838371770e+00 5.001306555430148348e-01
6.081350012787182457e+00 5.001259241427983282e-01
6.194410750767818108e+00 5.001213642698993933e-01
6.309573444801936049e+00 5.001169696924508967e-01
6.426877173170200130e+00 5.001127344059556057e-01
6.546361740672753449e+00 5.001086526249232111e-01
6.668067692136225411e+00 5.001047187748193235e-01
6.792036326171849936e+00 5.001009274843152275e-01
6.918309709189363055e+00 5.000972735778261846e-01
7.046930689671467185e+00 5.000937520683274018e-01
7.177942912713614732e+00 5.000903581504375639e-01
7.311390834834172736e+00 5.000870871937599382e-01
7.447319739059888200e+00 5.000839347364688381e-01
7.585775750291835706e+00 5.000808964791355615e-01
7.726805850957020994e+00 5.000779682787834801e-01
7.870457896950984633e+00 5.000751461431611755e-01
8.016780633876789963e+00 5.000724262252298491e-01
8.165823713585922405e+00 5.000698048178527921e-01
8.317637711026709013e+00 5.000672783486818096e-01
8.472274141405963022e+00 5.000648433752321598e-01
8.629785477669701166e+00 5.000624965801391264e-01
8.790225168308841930e+00 5.000602347665901171e-01
8.953647655495936775e+00 5.000580548539235171e-01
9.120108393559096527e+00 5.000559538733913012e-01
9.289663867799362151e+00 5.000539289640762997e-01
9.462371613657929004e+00 5.000519773689603431e-01
9.638290236239704711e+00 5.000500964311356267e-01
9.817479430199844259e+00 5.000482835901576273e-01
1.000000000000000000e+01 5.000465363785291384e-01
