1.000000000000000021e-03 0.000000000000000000e+00
1.018591388054116949e-03 0.000000000000000000e+00
1.037528415818012636e-03 0.000000000000000000e+00
1.056817509213658478e-03 0.000000000000000000e+00
1.076465213629834933e-03 0.000000000000000000e+00
1.096478196143185150e-03 0.000000000000000000e+00
1.116863247780561100e-03 0.000000000000000000e+00
1.137627285823430891e-03 0.000000000000000000e+00
1.158777356155126165e-03 0.000000000000000000e+00
1.180320635651729714e-03 0.000000000000000000e+00
1.202264434617413003e-03 0.000000000000000000e+00
1.224616199265048892e-03 0.000000000000000000e+00
1.247383514242943279e-03 0.000000000000000000e+00
1.270574105208541974e-03 0.000000000000000000e+00
1.294195841449986232e-03 0.000000000000000000e+00
1.318256738556407509e-03 0.000000000000000000e+00
1.342764961137864156e-03 0.000000000000000000e+00
1.367728825595849410e-03 0.000000000000000000e+00
1.393156802945303557e-03 0.000000000000000000e+00
1.419057521689092577e-03 0.000000000000000000e+00
1.445439770745927987e-03 0.000000000000000000e+00
1.472312502432719271e-03 0.000000000000000000e+00
1.499684835502374143e-03 0.000000000000000000e+00
1.527566058238073168e-03 0.000000000000000000e+00
1.555965631605074964e-03 0.000000000000000000e+00
1.584893192461114082e-03 0.000000000000000000e+00
1.614358556826487028e-03 0.000000000000000000e+00
1.644371723214932326e-03 0.000000000000000000e+00
1.674942876026438250e-03 0.000000000000000000e+00
1.706082389003124242e-03 0.000000000000000000e+00
1.737800828749376265e-03 0.000000000000000000e+00
1.770108958317422000e-03 0.000000000000000000e+00
1.803017740859569947e-03 0.000000000000000000e+00
1.836538343348347339e-03 0.000000000000000000e+00
1.870682140365801695e-03 0.000000000000000000e+00
1.905460717963248195e-03 0.000000000000000000e+00
1.940885877592779312e-03 0.000000000000000000e+00
1.976969640111860081e-03 0.000000000000000000e+00
2.013724249862387447e-03 0.000000000000000000e+00
2.051162178825564637e-03 0.000000000000000000e+00
2.089296130854038577e-03 0.000000000000000000e+00
2.128139045982711374e-03 0.000000000000000000e+00
2.167704104819694055e-03 0.000000000000000000e+00
2.208004733018899008e-03 0.000000000000000000e+00
2.249054605835780311e-03 0.000000000000000000e+00
2.290867652767772378e-03 0.000000000000000000e+00
2.333458062281002030e-03 0.000000000000000000e+00
2.376840286624876033e-03 0.000000000000000000e+00
2.421029046736177751e-03 0.000000000000000000e+00
2.466039337234338710e-03 0.000000000000000000e+00
2.511886431509579437e-03 0.000000000000000000e+00
2.558585886905645219e-03 0.000000000000000000e+00
2.606153549998894894e-03 0.000000000000000000e+00
2.654605561975539006e-03 0.000000000000000000e+00
2.703958364108843566e-03 0.000000000000000000e+00
2.754228703338165978e-03 0.000000000000000000e+00
2.805433637951713129e-03 0.000000000000000000e+00
2.857590543374946730e-03 0.000000000000000000e+00
2.910717118066605269e-03 0.000000000000000000e+00
2.964831389524342272e-03 0.000000000000000000e+00
3.019951720402016138e-03 0.000000000000000000e+00
3.076096814740708011e-03 0.000000000000000000e+00
3.133285724315585784e-03 0.000000000000000000e+00
3.191537855100761399e-03 0.000000000000000000e+00
3.250872973854343657e-03 0.000000000000000000e+00
3.311311214825910908e-03 0.000000000000000000e+00
3.372873086588689100e-03 0.000000000000000000e+00
3.435579478998746286e-03 0.000000000000000000e+00
3.499451670283573214e-03 0.000000000000000000e+00
3.564511334262442620e-03 0.000000000000000000e+00
3.630780547701014001e-03 0.000000000000000000e+00
3.698281797802662786e-03 0.000000000000000000e+00
3.767037989839089156e-03 0.000000000000000000e+00
3.837072454922788207e-03 0.000000000000000000e+00
3.908408957924020856e-03 0.000000000000000000e+00
3.981071705534973415e-03 0.000000000000000000e+00
4.055085354483838923e-03 0.000000000000000000e+00
4.130475019901614850e-03 0.000000000000000000e+00
4.207266283844442178e-03 0.000000000000000000e+00
4.285485203974396737e-03 0.000000000000000000e+00
4.365158322401660983e-03 0.000000000000000000e+00
4.446312674691088596e-03 0.000000000000000000e+00
4.528975799036208914e-03 0.000000000000000000e+00
4.613175745603795459e-03 0.000000000000000000e+00
4.698941086052155734e-03 0.000000000000000000e+00
4.786300923226385375e-03 0.000000000000000000e+00
4.875284901033865269e-03 0.000000000000000000e+00
4.965923214503362680e-03 0.000000000000000000e+00
5.058246620031137293e-03 0.000000000000000000e+00
5.152286445817561532e-03 0.000000000000000000e+00
5.248074602497722861e-03 0.000000000000000000e+00
5.345643593969713440e-03 0.000000000000000000e+00
5.445026528424209283e-03 0.000000000000000000e+00
5.546257129579105008e-03 0.000000000000000000e+00
5.649369748123022304e-03 0.000000000000000000e+00
5.754399373371566623e-03 0.000000000000000000e+00
5.861381645140284653e-03 0.000000000000000000e+00
5.970352865838366233e-03 0.000000000000000000e+00
6.081350012787175956e-03 0.000000000000000000e+00
6.194410750767811655e-03 0.000000000000000000e+00
6.309573444801930275e-03 0.000000000000000000e+00
6.426877173170193573e-03 0.000000000000000000e+00
6.546361740672746767e-03 0.000000000000000000e+00
6.668067692136218742e-03 0.000000000000000000e+00
6.792036326171843434e-03 0.000000000000000000e+00
6.918309709189362708e-03 0.000000000000000000e+00
7.046930689671467365e-03 0.000000000000000000e+00
7.177942912713615280e-03 0.000000000000000000e+00
7.311390834834172354e-03 0.000000000000000000e+00
7.447319739059888796e-03 0.000000000000000000e+00
7.585775750291835935e-03 0.000000000000000000e+00
7.726805850957021646e-03 0.000000000000000000e+00
7.870457896950984814e-03 0.000000000000000000e+00
8.016780633876788992e-03 0.000000000000000000e+00
8.165823713585922128e-03 0.000000000000000000e+00
8.317637711026708985e-03 0.000000000000000000e+00
8.472274141405963452e-03 0.000000000000000000e+00
8.629785477669701596e-03 0.000000000000000000e+00
8.790225168308843026e-03 0.000000000000000000e+00
8.953647655495937385e-03 0.000000000000000000e+00
9.120108393559096804e-03 0.000000000000000000e+00
9.289663867799363706e-03 0.000000000000000000e+00
9.462371613657928962e-03 0.000000000000000000e+00
9.638290236239705627e-03 0.000000000000000000e+00
9.817479430199843246e-03 0.000000000000000000e+00
1.000000000000000021e-02 0.000000000000000000e+00
1.018591388054116906e-02 0.000000000000000000e+00
1.037528415818012723e-02 0.000000000000000000e+00
1.056817509213658565e-02 0.000000000000000000e+00
1.076465213629834890e-02 0.000000000000000000e+00
1.096478196143185063e-02 0.000000000000000000e+00
1.116863247780561230e-02 0.000000000000000000e+00
1.137627285823430978e-02 0.000000000000000000e+00
1.158777356155126122e-02 0.000000000000000000e+00
1.180320635651729844e-02 0.000000000000000000e+00
1.202264434617413176e-02 0.000000000000000000e+00
1.224616199265048978e-02 0.000000000000000000e+00
1.247383514242943192e-02 0.000000000000000000e+00
1.270574105208541887e-02 0.000000000000000000e+00
1.294195841449986319e-02 0.000000000000000000e+00
1.318256738556407466e-02 0.000000000000000000e+00
1.342764961137864199e-02 0.000000000000000000e+00
1.367728825595849497e-02 0.000000000000000000e+00
1.393156802945303557e-02 0.000000000000000000e+00
1.419057521689092577e-02 0.000000000000000000e+00
1.445439770745927249e-02 0.000000000000000000e+00
1.472312502432718620e-02 0.000000000000000000e+00
1.499684835502373276e-02 0.000000000000000000e+00
1.527566058238072344e-02 0.000000000000000000e+00
1.555965631605074270e-02 0.000000000000000000e+00
1.584893192461113431e-02 0.000000000000000000e+00
1.614358556826486074e-02 0.000000000000000000e+00
1.644371723214931372e-02 0.000000000000000000e+00
1.674942876026437252e-02 0.000000000000000000e+00
1.706082389003123548e-02 0.000000000000000000e+00
1.737800828749375484e-02 0.000000000000000000e+00
1.770108958317421002e-02 0.000000000000000000e+00
1.803017740859568993e-02 0.000000000000000000e+00
1.836538343348346342e-02 0.000000000000000000e+00
1.870682140365800480e-02 0.000000000000000000e+00
1.905460717963247327e-02 0.000000000000000000e+00
1.940885877592778141e-02 0.000000000000000000e+00
1.976969640111861035e-02 0.000000000000000000e+00
2.013724249862388488e-02 0.000000000000000000e+00
2.051162178825565591e-02 0.000000000000000000e+00
2.089296130854039618e-02 0.000000000000000000e+00
2.128139045982712155e-02 0.000000000000000000e+00
2.167704104819695096e-02 0.000000000000000000e+00
2.208004733018900309e-02 0.000000000000000000e+00
2.249054605835781526e-02 0.000000000000000000e+00
2.290867652767773419e-02 0.000000000000000000e+00
2.333458062281003331e-02 0.000000000000000000e+00
2.376840286624877160e-02 0.000000000000000000e+00
2.421029046736178705e-02 0.000000000000000000e+00
2.466039337234339837e-02 0.000000000000000000e+00
2.511886431509580825e-02 0.000000000000000000e+00
2.558585886905645132e-02 0.000000000000000000e+00
2.606153549998894980e-02 0.000000000000000000e+00
2.654605561975538833e-02 0.000000000000000000e+00
2.703958364108843479e-02 0.000000000000000000e+00
2.754228703338166065e-02 0.000000000000000000e+00
2.805433637951713216e-02 0.000000000000000000e+00
2.857590543374946557e-02 0.000000000000000000e+00
2.910717118066605269e-02 0.000000000000000000e+00
2.964831389524342359e-02 0.000000000000000000e+00
3.019951720402016052e-02 0.000000000000000000e+00
3.076096814740707924e-02 0.000000000000000000e+00
3.133285724315585524e-02 0.000000000000000000e+00
3.191537855100761573e-02 0.000000000000000000e+00
3.250872973854343484e-02 0.000000000000000000e+00
3.311311214825911342e-02 0.000000000000000000e+00
3.372873086588688840e-02 0.000000000000000000e+00
3.435579478998746633e-02 0.000000000000000000e+00
3.499451670283573040e-02 0.000000000000000000e+00
3.564511334262442793e-02 0.000000000000000000e+00
3.630780547701013827e-02 0.000000000000000000e+00
3.698281797802662613e-02 0.000000000000000000e+00
3.767037989839089329e-02 0.000000000000000000e+00
3.837072454922788034e-02 0.000000000000000000e+00
3.908408957924021376e-02 0.000000000000000000e+00
3.981071705534973415e-02 0.000000000000000000e+00
4.055085354483839444e-02 0.000000000000000000e+00
4.130475019901614503e-02 0.000000000000000000e+00
4.207266283844442178e-02 0.000000000000000000e+00
4.285485203974396390e-02 0.000000000000000000e+00
4.365158322401661156e-02 0.000000000000000000e+00
4.446312674691088596e-02 0.000000000000000000e+00
4.528975799036209088e-02 0.000000000000000000e+00
4.613175745603795286e-02 0.000000000000000000e+00
4.698941086052153132e-02 0.000000000000000000e+00
4.786300923226382426e-02 0.000000000000000000e+00
4.875284901033862667e-02 0.000000000000000000e+00
4.965923214503360078e-02 0.000000000000000000e+00
5.058246620031139895e-02 0.000000000000000000e+00
5.152286445817564481e-02 0.000000000000000000e+00
5.248074602497725810e-02 0.000000000000000000e+00
5.345643593969716389e-02 0.000000000000000000e+00
5.445026528424212059e-02 0.000000000000000000e+00
5.546257129579107437e-02 0.000000000000000000e+00
5.649369748123025253e-02 0.000000000000000000e+00
5.754399373371569398e-02 0.000000000000000000e+00
5.861381645140287949e-02 0.000000000000000000e+00
5.970352865838369355e-02 0.000000000000000000e+00
6.081350012787179599e-02 0.000000000000000000e+00
6.194410750767814777e-02 0.000000000000000000e+00
6.309573444801933051e-02 0.000000000000000000e+00
6.426877173170197910e-02 0.000000000000000000e+00
6.546361740672750062e-02 0.000000000000000000e+00
6.668067692136221691e-02 0.000000000000000000e+00
6.792036326171846383e-02 0.000000000000000000e+00
6.918309709189365830e-02 0.000000000000000000e+00
7.046930689671471182e-02 0.000000000000000000e+00
7.177942912713618229e-02 0.000000000000000000e+00
7.311390834834176344e-02 0.000000000000000000e+00
7.447319739059891919e-02 0.000000000000000000e+00
7.585775750291839925e-02 0.000000000000000000e+00
7.726805850957024768e-02 0.000000000000000000e+00
7.870457896950988630e-02 0.000000000000000000e+00
8.016780633876793849e-02 0.000000000000000000e+00
8.165823713585926291e-02 0.000000000000000000e+00
8.317637711026708291e-02 0.000000000000000000e+00
8.472274141405963799e-02 0.000000000000000000e+00
8.629785477669701943e-02 0.000000000000000000e+00
8.790225168308841985e-02 0.000000000000000000e+00
8.953647655495937385e-02 0.000000000000000000e+00
9.120108393559096804e-02 0.000000000000000000e+00
9.289663867799362318e-02 0.000000000000000000e+00
9.462371613657930003e-02 0.000000000000000000e+00
9.638290236239704933e-02 0.000000000000000000e+00
9.817479430199843593e-02 0.000000000000000000e+00
1.000000000000000056e-01 0.000000000000000000e+00
1.018591388054116975e-01 0.000000000000000000e+00
1.037528415818012584e-01 0.000000000000000000e+00
1.056817509213658496e-01 0.000000000000000000e+00
1.076465213629834994e-01 0.000000000000000000e+00
1.096478196143185063e-01 0.000000000000000000e+00
1.116863247780561230e-01 0.000000000000000000e+00
1.137627285823430978e-01 0.000000000000000000e+00
1.158777356155126226e-01 0.000000000000000000e+00
1.180320635651729844e-01 0.000000000000000000e+00
1.202264434617413141e-01 0.000000000000000000e+00
1.224616199265048944e-01 0.000000000000000000e+00
1.247383514242943192e-01 0.000000000000000000e+00
1.270574105208542026e-01 0.000000000000000000e+00
1.294195841449986284e-01 0.000000000000000000e+00
1.318256738556407293e-01 0.000000000000000000e+00
1.342764961137864199e-01 0.000000000000000000e+00
1.367728825595849462e-01 0.000000000000000000e+00
1.393156802945303419e-01 0.000000000000000000e+00
1.419057521689092716e-01 0.000000000000000000e+00
1.445439770745927943e-01 0.000000000000000000e+00
1.472312502432719383e-01 0.000000000000000000e+00
1.499684835502373970e-01 0.000000000000000000e+00
1.527566058238073177e-01 0.000000000000000000e+00
1.555965631605074895e-01 0.000000000000000000e+00
1.584893192461114264e-01 0.000000000000000000e+00
1.614358556826487046e-01 0.000000000000000000e+00
1.644371723214932413e-01 0.000000000000000000e+00
1.674942876026438154e-01 0.000000000000000000e+00
1.706082389003124311e-01 0.000000000000000000e+00
1.737800828749376247e-01 0.000000000000000000e+00
1.770108958317422043e-01 0.000000000000000000e+00
1.803017740859569895e-01 0.000000000000000000e+00
1.836538343348347313e-01 0.000000000000000000e+00
1.870682140365801660e-01 0.000000000000000000e+00
1.905460717963248229e-01 0.000000000000000000e+00
1.940885877592779252e-01 0.000000000000000000e+00
1.976969640111861937e-01 0.000000000000000000e+00
2.013724249862389459e-01 0.000000000000000000e+00
2.051162178825564619e-01 0.000000000000000000e+00
2.089296130854038647e-01 0.000000000000000000e+00
2.128139045982711253e-01 9.163021450193544045e-04
2.167704104819694055e-01 5.994202883291791829e-03
2.208004733018899268e-01 1.291521366845713344e-02
2.249054605835780485e-01 2.080078198382338470e-02
2.290867652767772378e-01 2.920489109935914263e-02
2.333458062281001943e-01 3.785112542796260915e-02
2.376840286624875842e-01 4.655563026922734937e-02
2.421029046736177526e-01 5.519247828149904944e-02
2.466039337234338658e-01 6.367468628177601342e-02
2.511886431509579576e-01 7.194255415860525971e-02
2.558585886905645479e-01 7.995597449949626290e-02
2.606153549998895258e-01 8.768912026451344821e-02
2.654605561975538763e-01 9.512665857401521319e-02
2.703958364108843271e-01 1.022609931742791828e-01
2.754228703338166273e-01 1.090902253222677948e-01
2.805433637951713077e-01 1.156166296451563574e-01
2.857590543374946557e-01 1.218455063816509393e-01
2.910717118066605269e-01 1.277843127848935223e-01
2.964831389524342220e-01 1.334420039251774659e-01
3.019951720402015982e-01 1.388285319382863148e-01
3.076096814740708063e-01 1.439544659764195600e-01
3.133285724315585385e-01 1.488307045884862401e-01
3.191537855100761711e-01 1.534682591566426113e-01
3.250872973854344039e-01 1.578780921112714619e-01
3.311311214825911065e-01 1.620709974508842965e-01
3.372873086588689118e-01 1.660575139599584082e-01
3.435579478998746494e-01 1.698478636944106279e-01
3.499451670283573179e-01 1.734519099681405274e-01
3.564511334262442932e-01 1.768791303529007042e-01
3.630780547701014105e-01 1.801386011914916652e-01
3.698281797802662751e-01 1.832389908903972742e-01
3.767037989839089329e-01 1.861885598543569775e-01
3.837072454922788589e-01 1.889951653910836304e-01
3.908408957924021099e-01 1.916662702789898587e-01
3.981071705534973137e-01 1.942089539769636108e-01
4.055085354483839444e-01 1.966299256802455098e-01
4.130475019901614364e-01 1.989355386036502638e-01
4.207266283844441901e-01 2.011318050130541379e-01
4.285485203974396251e-01 2.032244116362626474e-01
4.365158322401661017e-01 2.052187351713255503e-01
4.446312674691088040e-01 2.071198576789613222e-01
4.528975799036208949e-01 2.089325816998373886e-01
4.613175745603795286e-01 2.106614449800270905e-01
4.698941086052155769e-01 2.123107347214191476e-01
4.786300923226385340e-01 2.138845013000648942e-01
4.875284901033865026e-01 2.153865714159029221e-01
4.965923214503362715e-01 2.168205606531821428e-01
5.058246620031142671e-01 2.181898854431498225e-01
5.152286445817566563e-01 2.194977744299314026e-01
5.248074602497728725e-01 2.207472792475990153e-01
5.345643593969718887e-01 2.219412847216752915e-01
5.445026528424214973e-01 2.230825185121403376e-01
5.546257129579110767e-01 2.241735602176925246e-01
5.649369748123028723e-01 2.252168499628084963e-01
5.754399373371572590e-01 2.262146964902486679e-01
5.861381645140291141e-01 2.271692847822095740e-01
5.970352865838371992e-01 2.280826832334675591e-01
6.081350012787182235e-01 2.289568503996773086e-01
6.194410750767818108e-01 2.297936413435747172e-01
6.309573444801935826e-01 2.305948136012334615e-01
6.426877173170200130e-01 2.313620327898061324e-01
6.546361740672747009e-01 2.320968778773675190e-01
6.668067692136219193e-01 2.328008461346101621e-01
6.792036326171843053e-01 2.334753577872395458e-01
6.918309709189363055e-01 2.341217603870037745e-01
7.046930689671466741e-01 2.347413329183718755e-01
7.177942912713615176e-01 2.353352896569772257e-01
7.311390834834172736e-01 2.359047837950506987e-01
7.447319739059888866e-01 2.364509108482167610e-01
7.585775750291835484e-01 2.369747118571914335e-01
7.726805850957021438e-01 2.374771763971261218e-01
7.870457896950984189e-01 2.379592454065848073e-01
8.016780633876789963e-01 2.384218138474092918e-01
8.165823713585922405e-01 2.388657332060454830e-01
8.317637711026708569e-01 2.392918138462463984e-01
8.472274141405963244e-01 2.397008272224512015e-01
8.629785477669701388e-01 2.400935079625574065e-01
8.790225168308842818e-01 2.404705558282517475e-01
8.953647655495937663e-01 2.408326375605503167e-01
9.120108393559096527e-01 2.411803886177104617e-01
9.289663867799362595e-01 2.415144148122196355e-01
9.462371613657929448e-01 2.418352938531401486e-01
9.638290236239704933e-01 2.421435767996821808e-01
9.817479430199843593e-01 2.424397894315050150e-01
1.000000000000000000e+00 2.427244335408899611e-01
1.018591388054116864e+00 2.429979881515993978e-01
1.037528415818012695e+00 2.432609106689256895e-01
1.056817509213658468e+00 2.435136379651466898e-01
1.076465213629834938e+00 2.437565874043294001e-01
1.096478196143185091e+00 2.439901578101746349e-01
1.116863247780561119e+00 2.442147303803562930e-01
1.137627285823431089e+00 2.444306695505876759e-01
1.158777356155126226e+00 2.446383238114399616e-01
1.180320635651729733e+00 2.448380264807485940e-01
1.202264434617413169e+00 2.450300964342546073e-01
1.224616199265048833e+00 2.452148387969696475e-01
1.247383514242943248e+00 2.453925455975854153e-01
1.270574105208541971e+00 2.455634963881089261e-01
1.294195841449986339e+00 2.457279588307628992e-01
1.318256738556407459e+00 2.458861892540630534e-01
1.342764961137864255e+00 2.460384331798644020e-01
1.367728825595849518e+00 2.461849258230561222e-01
1.393156802945303641e+00 2.463258925654791820e-01
1.419057521689092605e+00 2.464615494055430733e-01
1.445439770745927888e+00 2.465921033849271526e-01
1.472312502432719272e+00 2.467177529936642466e-01
1.499684835502373970e+00 2.468386885548270737e-01
1.527566058238073232e+00 2.469550925899608451e-01
1.555965631605074950e+00 2.470671401663354083e-01
1.584893192461114042e+00 2.471749992270274587e-01
1.614358556826486879e+00 2.472788309047775634e-01
1.644371723214932413e+00 2.473787898205148383e-01
1.674942876026438210e+00 2.474750243673834449e-01
1.706082389003124256e+00 2.475676769810580824e-01
1.737800828749376247e+00 2.476568843970886891e-01
1.770108958317422099e+00 2.477427778959677696e-01
1.803017740859569784e+00 2.478254835365769071e-01
1.836538343348347313e+00 2.479051223786257196e-01
1.870682140365801605e+00 2.479818106946657663e-01
1.905460717963248340e+00 2.480556601722222199e-01
1.940885877592779307e+00 2.481267781065598088e-01
1.976969640111861937e+00 2.481952675845664480e-01
2.013724249862389293e+00 2.482612276602112200e-01
2.051162178825566951e+00 2.483247535220076407e-01
2.089296130854040978e+00 2.483859366528872459e-01
2.128139045982713196e+00 2.484448649828687739e-01
2.167704104819693889e+00 2.485016230348812971e-01
2.208004733018899213e+00 2.485562920640859152e-01
2.249054605835780318e+00 2.486089501910158095e-01
2.290867652767772267e+00 2.486596725288406640e-01
2.333458062281001943e+00 2.487085313050424462e-01
2.376840286624875898e+00 2.487555959777750791e-01
2.421029046736177470e+00 2.488009333471642992e-01
2.466039337234338547e+00 2.488446076617924774e-01
2.511886431509579687e+00 2.488866807205978582e-01
2.558585886905645257e+00 2.489272119704049602e-01
2.606153549998894814e+00 2.489662585992946653e-01
2.654605561975539096e+00 2.490038756260091468e-01
2.703958364108843160e+00 2.490401159855740454e-01
2.754228703338166273e+00 2.490750306113175827e-01
2.805433637951713077e+00 2.491086685134501211e-01
2.857590543374946446e+00 2.491410768543629584e-01
2.910717118066604936e+00 2.491723010207965439e-01
2.964831389524342331e+00 2.492023846930195574e-01
3.019951720402016093e+00 2.492313699111540493e-01
3.076096814740707952e+00 2.492592971387751766e-01
3.133285724315585608e+00 2.492862053239071340e-01
3.191537855100761600e+00 2.493121319575305472e-01
3.250872973854343595e+00 2.493371131297116849e-01
3.311311214825911176e+00 2.493611835834586843e-01
3.372873086588688896e+00 2.493843767664032096e-01
3.435579478998746605e+00 2.494067248804025527e-01
3.499451670283573179e+00 2.494282589291532404e-01
3.564511334262442599e+00 2.494490087639006926e-01
3.630780547701013994e+00 2.494690031273271991e-01
3.698281797802662751e+00 2.494882696956956802e-01
3.767037989839089107e+00 2.495068351193248102e-01
3.837072454922788367e+00 2.495247250614638090e-01
3.908408957924021099e+00 2.495419642356367929e-01
3.981071705534973137e+00 2.495585764415189090e-01
4.055085354483838778e+00 2.495745845994075673e-01
4.130475019901614253e+00 2.495900107833452231e-01
4.207266283844441901e+00 2.496048762529514964e-01
4.285485203974396029e+00 2.496192014840165063e-01
4.365158322401661017e+00 2.496330061979077641e-01
4.446312674691088596e+00 2.496463093898372287e-01
4.528975799036208727e+00 2.496591293560381508e-01
4.613175745603795619e+00 2.496714837198925063e-01
4.698941086052156102e+00 2.496833894570542056e-01
4.786300923226384896e+00 2.496948629196080460e-01
4.875284901033865026e+00 2.497059198593022111e-01
4.965923214503362715e+00 2.497165754498929524e-01
5.058246620031142449e+00 2.497268443086358702e-01
5.152286445817567007e+00 2.497367405169587662e-01
5.248074602497728058e+00 2.497462776403475970e-01
5.345643593969719554e+00 2.497554687474777546e-01
5.445026528424214085e+00 2.497643264286197873e-01
5.546257129579109879e+00 2.497728628133483730e-01
5.649369748123028501e+00 2.497810895875824388e-01
5.754399373371572146e+00 2.497890180099813229e-01
5.861381645140290253e+00 2.497966589277241800e-01
5.970352865838371770e+00 2.498040227916948908e-01
6.081350012787182457e+00 2.498111196710962878e-01
6.194410750767818108e+00 2.498179592675160987e-01
6.309573444801936049e+00 2.498245509284658106e-01
6.426877173170200130e+00 2.498309036604123012e-01
6.546361740672753449e+00 2.498370261413220272e-01
6.668067692136225411e+00 2.498429267327375025e-01
6.792036326171849936e+00 2.498486134914020829e-01
6.918309709189363055e+00 2.498540941804523463e-01
7.046930689671467185e+00 2.498593762801933349e-01
7.177942912713614732e+00 2.498644669984732281e-01
7.311390834834172736e+00 2.498693732806722412e-01
7.447319739059888200e+00 2.498741018193210706e-01
7.585775750291835706e+00 2.498786590633620408e-01
7.726805850957020994e+00 2.498830512270680260e-01
7.870457896950984633e+00 2.498872842986294418e-01
8.016780633876789963e+00 2.498913640484258791e-01
8.165823713585922405e+00 2.498952960369896503e-01
8.317637711026709013e+00 2.498990856226765422e-01
8.472274141405963022e+00 2.499027379690533512e-01
8.629785477669701166e+00 2.499062580520123589e-01
8.790225168308841930e+00 2.499096506666236561e-01
8.953647655495936775e+00 2.499129204337357801e-01
9.120108393559096527e+00 2.499160718063325737e-01
9.289663867799362151e+00 2.499191090756562872e-01
9.462371613657929004e+00 2.499220363771060271e-01
9.638290236239704711e+00 2.499248576959188506e-01
9.817479430199844259e+00 2.499275768726427760e-01
1.000000000000000000e+01 2.499301976084083166e-01
