1.000000000000000021e-03 0.000000000000000000e+00
1.018591388054116949e-03 0.000000000000000000e+00
1.037528415818012636e-03 4.199795339376430695e-03
1.056817509213658478e-03 1.321580345406063624e-02
1.076465213629834933e-03 2.419663211198363334e-02
1.096478196143185150e-03 3.618198261219715550e-02
1.116863247780561100e-03 4.862791801190908397e-02
1.137627285823430891e-03 6.119036475127089675e-02
1.158777356155126165e-03 7.364298038945379932e-02
1.180320635651729714e-03 8.583551046420295760e-02
1.202264434617413003e-03 9.766931150623882341e-02
1.224616199265048892e-03 1.090816907224305826e-01
1.247383514242943279e-03 1.200353562383619510e-01
1.270574105208541974e-03 1.305110743369593262e-01
1.294195841449986232e-03 1.405024491346387183e-01
1.318256738556407509e-03 1.500121589419184664e-01
1.342764961137864156e-03 1.590492180732191452e-01
1.367728825595849410e-03 1.676269736903197305e-01
1.393156802945303557e-03 1.757616364545185883e-01
1.419057521689092577e-03 1.834712025906780619e-01
1.445439770745927987e-03 1.907746649826141672e-01
1.472312502432719271e-03 1.976914387882917346e-01
1.499684835502374143e-03 2.042409468289446139e-01
1.527566058238073168e-03 2.104423242261185545e-01
1.555965631605074964e-03 2.163142121075597168e-01
1.584893192461114082e-03 2.218746178011772041e-01
1.614358556826487028e-03 2.271408245584115304e-01
1.644371723214932326e-03 2.321293380344134627e-01
1.674942876026438250e-03 2.368558598857550823e-01
1.706082389003124242e-03 2.413352812021614946e-01
1.737800828749376265e-03 2.455816902665824142e-01
1.770108958317422000e-03 2.496083904838147238e-01
1.803017740859569947e-03 2.534279253394181031e-01
1.836538343348347339e-03 2.570521080275832704e-01
1.870682140365801695e-03 2.604920539783951439e-01
1.905460717963248195e-03 2.637582149661263364e-01
1.940885877592779312e-03 2.668604138243387824e-01
1.976969640111860081e-03 2.698078790559928497e-01
2.013724249862387447e-03 2.726092788266772926e-01
2.051162178825564637e-03 2.752727539810927437e-01
2.089296130854038577e-03 2.778059498382007830e-01
2.128139045982711374e-03 2.802160466075055423e-01
2.167704104819694055e-03 2.825097883343274940e-01
2.208004733018899008e-03 2.846935103306568182e-01
2.249054605835780311e-03 2.867731650841307545e-01
2.290867652767772378e-03 2.887543466638213263e-01
2.333458062281002030e-03 2.906423136601692936e-01
2.376840286624876033e-03 2.924420107093164134e-01
2.421029046736177751e-03 2.941580886606587897e-01
2.466039337234338710e-03 2.957949234517147641e-01
2.511886431509579437e-03 2.973566337572092211e-01
2.558585886905645219e-03 2.988470974802412972e-01
2.606153549998894894e-03 3.002699671530166814e-01
2.654605561975539006e-03 3.016286843132702233e-01
2.703958364108843566e-03 3.029264929204580903e-01
2.754228703338165978e-03 3.041664518732895006e-01
2.805433637951713129e-03 3.053514466873585853e-01
2.857590543374946730e-03 3.064842003886575350e-01
2.910717118066605269e-03 3.075672836756951356e-01
2.964831389524342272e-03 3.086031243998800799e-01
3.019951720402016138e-03 3.095940164108110237e-01
3.076096814740708011e-03 3.105421278101788141e-01
3.133285724315585784e-03 3.114495086551514746e-01
3.191537855100761399e-03 3.123180981494111941e-01
3.250872973854343657e-03 3.131497313574329033e-01
3.311311214825910908e-03 3.139461454751622527e-01
3.372873086588689100e-03 3.147089856879553005e-01
3.435579478998746286e-03 3.154398106444860073e-01
3.499451670283573214e-03 3.161400975733066332e-01
3.564511334262442620e-03 3.168112470668620340e-01
3.630780547701014001e-03 3.174545875559907082e-01
3.698281797802662786e-03 3.180713794963097585e-01
3.767037989839089156e-03 3.186628192863472653e-01
3.837072454922788207e-03 3.192300429358679303e-01
3.908408957924020856e-03 3.197741295015168461e-01
3.981071705534973415e-03 3.202961043056799517e-01
4.055085354483838923e-03 3.207969419533237554e-01
4.130475019901614850e-03 3.212775691605195827e-01
4.207266283844442178e-03 3.217388674073834443e-01
4.285485203974396737e-03 3.221816754272498473e-01
4.365158322401660983e-03 3.226067915430647082e-01
4.446312674691088596e-03 3.230149758611952637e-01
4.528975799036208914e-03 3.234069523321411732e-01
4.613175745603795459e-03 3.237834106869542650e-01
4.698941086052155734e-03 3.241450082575607072e-01
4.786300923226385375e-03 3.244923716885998455e-01
4.875284901033865269e-03 3.248260985478644280e-01
4.965923214503362680e-03 3.251467588419312826e-01
5.058246620031137293e-03 3.254548964431148717e-01
5.152286445817561532e-03 3.257510304334502171e-01
5.248074602497722861e-03 3.260356563710188338e-01
5.345643593969713440e-03 3.263092474835674883e-01
5.445026528424209283e-03 3.265722557940267112e-01
5.546257129579105008e-03 3.268251131822257349e-01
5.649369748123022304e-03 3.270682323868065455e-01
5.754399373371566623e-03 3.273020079510694513e-01
5.861381645140284653e-03 3.275268171162293296e-01
5.970352865838366233e-03 3.277430206653312861e-01
6.081350012787175956e-03 3.279509637208540274e-01
6.194410750767811655e-03 3.281509764988300160e-01
6.309573444801930275e-03 3.283433750221210201e-01
6.426877173170193573e-03 3.285284617953173614e-01
6.546361740672746767e-03 3.287065264435636847e-01
6.668067692136218742e-03 3.288778463174649724e-01
6.792036326171843434e-03 3.290426870660844716e-01
6.918309709189362708e-03 3.292013031799180811e-01
7.046930689671467365e-03 3.293539385056041269e-01
7.177942912713615280e-03 3.295008267340177599e-01
7.311390834834172354e-03 3.296421918632904680e-01
7.447319739059888796e-03 3.297782486382012102e-01
7.585775750291835935e-03 3.299092029672893167e-01
7.726805850957021646e-03 3.300352523189589160e-01
7.870457896950984814e-03 3.301565860977608846e-01
8.016780633876788992e-03 3.302733860019667622e-01
8.165823713585922128e-03 3.303858263634801284e-01
8.317637711026708985e-03 3.304940744710636036e-01
8.472274141405963452e-03 3.305982908778031804e-01
8.629785477669701596e-03 3.306986296936715863e-01
8.790225168308843026e-03 3.307952388640041930e-01
8.953647655495937385e-03 3.308882604346465861e-01
9.120108393559096804e-03 3.309778308044920569e-01
9.289663867799363706e-03 3.310640809660815864e-01
9.462371613657928962e-03 3.311471367348998718e-01
9.638290236239705627e-03 3.312271189679624195e-01
9.817479430199843246e-03 3.313041437722550331e-01
1.000000000000000021e-02 3.313783227035544399e-01
1.018591388054116906e-02 3.314497629561244385e-01
1.037528415818012723e-02 3.315185675437603008e-01
1.056817509213658565e-02 3.315848354726190772e-01
1.076465213629834890e-02 3.316486619062541386e-01
1.096478196143185063e-02 3.317101383232464173e-01
1.116863247780561230e-02 3.317693526678027194e-01
1.137627285823430978e-02 3.318263894936703262e-01
1.158777356155126122e-02 3.318813301016986794e-01
1.180320635651729844e-02 3.319342526713606745e-01
1.202264434617413176e-02 3.319852323865263299e-01
1.224616199265048978e-02 3.320343415557696076e-01
1.247383514242943192e-02 3.320816497274703960e-01
1.270574105208541887e-02 3.321272237999620680e-01
1.294195841449986319e-02 3.321711281269587035e-01
1.318256738556407466e-02 3.322134246184869633e-01
1.342764961137864199e-02 3.322541728375331127e-01
1.367728825595849497e-02 3.322934300926055351e-01
1.393156802945303557e-02 3.323312515264029154e-01
1.419057521689092577e-02 3.323676902007671186e-01
1.445439770745927249e-02 3.324027971780924018e-01
1.472312502432718620e-02 3.324366215993526108e-01
1.499684835502373276e-02 3.324692107588981260e-01
1.527566058238072344e-02 3.325006101761719401e-01
1.555965631605074270e-02 3.325308636644794258e-01
1.584893192461113431e-02 3.325600133969463523e-01
1.614358556826486074e-02 3.325880999697882201e-01
1.644371723214931372e-02 3.326151624630100945e-01
1.674942876026437252e-02 3.326412384986510706e-01
1.706082389003123548e-02 3.326663642966786738e-01
1.737800828749375484e-02 3.326905747286376114e-01
1.770108958317421002e-02 3.327139033691486891e-01
1.803017740859568993e-02 3.327363825453507062e-01
1.836538343348346342e-02 3.327580433843744800e-01
1.870682140365800480e-02 3.327789158589318230e-01
1.905460717963247327e-02 3.327990288311004075e-01
1.940885877592778141e-02 3.328184100943805124e-01
1.976969640111861035e-02 3.328370864140964835e-01
2.013724249862388488e-02 3.328550835662119622e-01
2.051162178825565591e-02 3.328724263746263290e-01
2.089296130854039618e-02 3.328891387470137020e-01
2.128139045982712155e-02 3.329052437092666628e-01
2.167704104819695096e-02 3.329207634386007197e-01
2.208004733018900309e-02 3.329357192953761313e-01
2.249054605835781526e-02 3.329501318536879362e-01
2.290867652767773419e-02 3.329640209307759280e-01
2.333458062281003331e-02 3.329774056153012030e-01
2.376840286624877160e-02 3.329903042945366320e-01
2.421029046736178705e-02 3.330027346805137234e-01
2.466039337234339837e-02 3.330147138351687297e-01
2.511886431509580825e-02 3.330262581945278022e-01
2.558585886905645132e-02 3.330373835919695491e-01
2.606153549998894980e-02 3.330481052806021913e-01
2.654605561975538833e-02 3.330584379547900098e-01
2.703958364108843479e-02 3.330683957708624465e-01
2.754228703338166065e-02 3.330779923670397769e-01
2.805433637951713216e-02 3.330872408826038300e-01
2.857590543374946557e-02 3.330961539763458434e-01
2.910717118066605269e-02 3.331047438443171527e-01
2.964831389524342359e-02 3.331130222369129701e-01
3.019951720402016052e-02 3.331210004753130671e-01
3.076096814740707924e-02 3.331286894673037846e-01
3.133285724315585524e-02 3.331360997225089604e-01
3.191537855100761573e-02 3.331432413670480375e-01
3.250872973854343484e-02 3.331501241576472205e-01
3.311311214825911342e-02 3.331567574952218891e-01
3.372873086588688840e-02 3.331631504379534703e-01
3.435579478998746633e-02 3.331693117138777582e-01
3.499451670283573040e-02 3.331752497330038310e-01
3.564511334262442793e-02 3.331809725989834381e-01
3.630780547701013827e-02 3.331864881203447371e-01
3.698281797802662613e-02 3.331918038213108058e-01
3.767037989839089329e-02 3.331969269522147559e-01
3.837072454922788034e-02 3.332018644995302092e-01
3.908408957924021376e-02 3.332066231955290725e-01
3.981071705534973415e-02 3.332112095275827079e-01
4.055085354483839444e-02 3.332156297471193795e-01
4.130475019901614503e-02 3.332198898782489094e-01
4.207266283844442178e-02 3.332239957260709207e-01
4.285485203974396390e-02 3.332279528846757155e-01
4.365158322401661156e-02 3.332317667448497778e-01
4.446312674691088596e-02 3.332354425014976695e-01
4.528975799036209088e-02 3.332389851607912012e-01
4.613175745603795286e-02 3.332423995470539246e-01
4.698941086052153132e-02 3.332456903093947154e-01
4.786300923226382426e-02 3.332488619280949971e-01
4.875284901033862667e-02 3.332519187207633182e-01
4.965923214503360078e-02 3.332548648482629994e-01
5.058246620031139895e-02 3.332577043204226763e-01
5.152286445817564481e-02 3.332604410015368446e-01
5.248074602497725810e-02 3.332630786156653979e-01
5.345643593969716389e-02 3.332656207517384339e-01
5.445026528424212059e-02 3.332680708684745974e-01
5.546257129579107437e-02 3.332704322991192347e-01
5.649369748123025253e-02 3.332727082560082987e-01
5.754399373371569398e-02 3.332749018349671077e-01
5.861381645140287949e-02 3.332770160195464570e-01
5.970352865838369355e-02 3.332790536851051311e-01
6.081350012787179599e-02 3.332810176027424243e-01
6.194410750767814777e-02 3.332829104430874434e-01
6.309573444801933051e-02 3.332847347799506865e-01
6.426877173170197910e-02 3.332864930938407855e-01
6.546361740672750062e-02 3.332881877753540723e-01
6.668067692136221691e-02 3.332898211284408552e-01
6.792036326171846383e-02 3.332913953735512358e-01
6.918309709189365830e-02 3.332929126506675721e-01
7.046930689671471182e-02 3.332943750222255308e-01
7.177942912713618229e-02 3.332957844759291133e-01
7.311390834834176344e-02 3.332971429274635966e-01
7.447319739059891919e-02 3.332984522231083879e-01
7.585775750291839925e-02 3.332997141422561205e-01
7.726805850957024768e-02 3.333009303998391570e-01
7.870457896950988630e-02 3.333021026486685523e-01
8.016780633876793849e-02 3.333032324816868064e-01
8.165823713585926291e-02 3.333043214341402383e-01
8.317637711026708291e-02 3.333053709856705349e-01
8.472274141405963799e-02 3.333063825623320819e-01
8.629785477669701943e-02 3.333073575385345211e-01
8.790225168308841985e-02 3.333082972389152521e-01
8.953647655495937385e-02 3.333092029401443224e-01
9.120108393559096804e-02 3.333100758726625923e-01
9.289663867799362318e-02 3.333109172223583938e-01
9.462371613657930003e-02 3.333117281321814063e-01
9.638290236239704933e-02 3.333125097036996887e-01
9.817479430199843593e-02 3.333132629985988138e-01
1.000000000000000056e-01 3.333139890401272676e-01
1.018591388054116975e-01 3.333146888144893905e-01
1.037528415818012584e-01 3.333153632721874704e-01
1.056817509213658496e-01 3.333160133293152083e-01
1.076465213629834994e-01 3.333166398688043874e-01
1.096478196143185063e-01 3.333172437416260792e-01
1.116863247780561230e-01 3.333178257679488832e-01
1.137627285823430978e-01 3.333183867382537580e-01
1.158777356155126226e-01 3.333189274144101599e-01
1.180320635651729844e-01 3.333194485307120480e-01
1.202264434617413141e-01 3.333199507948765850e-01
1.224616199265048944e-01 3.333204348890065338e-01
1.247383514242943192e-01 3.333209014705179607e-01
1.270574105208542026e-01 3.333213511730342415e-01
1.294195841449986284e-01 3.333217846072474289e-01
1.318256738556407293e-01 3.333222023617489760e-01
1.342764961137864199e-01 3.333226050038294308e-01
1.367728825595849462e-01 3.333229930802499297e-01
1.393156802945303419e-01 3.333233671179857138e-01
1.419057521689092716e-01 3.333237276249419456e-01
1.445439770745927943e-01 3.333240750906445449e-01
1.472312502432719383e-01 3.333244099869053234e-01
1.499684835502373970e-01 3.333247327684635830e-01
1.527566058238073177e-01 3.333250438736033439e-01
1.555965631605074895e-01 3.333253437247498674e-01
1.584893192461114264e-01 3.333256327290432530e-01
1.614358556826487046e-01 3.333259112788918843e-01
1.644371723214932413e-01 3.333261797525056691e-01
1.674942876026438154e-01 3.333264385144095732e-01
1.706082389003124311e-01 3.333266879159393903e-01
1.737800828749376247e-01 3.333269282957191382e-01
1.770108958317422043e-01 3.333271599801206353e-01
1.803017740859569895e-01 3.333273832837072570e-01
1.836538343348347313e-01 3.333275985096614269e-01
1.870682140365801660e-01 3.333278059501960655e-01
1.905460717963248229e-01 3.333280058869521056e-01
1.940885877592779252e-01 3.333281985913804646e-01
1.976969640111861937e-01 3.333283843251115819e-01
2.013724249862389459e-01 3.333285633403097470e-01
2.051162178825564619e-01 3.333287358800169908e-01
2.089296130854038647e-01 3.333289021784816564e-01
2.128139045982711253e-01 3.330236323265473586e-01
2.167704104819694055e-01 3.313311739933054723e-01
2.208004733018899268e-01 3.290243458617758687e-01
2.249054605835780485e-01 3.263959949017791184e-01
2.290867652767772378e-01 3.235947916139902403e-01
2.333458062281001943e-01 3.207128736418520809e-01
2.376840286624875842e-01 3.178115254614843899e-01
2.421029046736177526e-01 3.149327227061380352e-01
2.466039337234338658e-01 3.121054597964649790e-01
2.511886431509579576e-01 3.093496369063545859e-01
2.558585886905645479e-01 3.066786233795662509e-01
2.606153549998895258e-01 3.041010284778841166e-01
2.654605561975538763e-01 3.016219634333075494e-01
2.703958364108843271e-01 2.992439606134667529e-01
2.754228703338166273e-01 2.969676532180058892e-01
2.805433637951713077e-01 2.947922833195115722e-01
2.857590543374946557e-01 2.927160844458185363e-01
2.910717118066605269e-01 2.907365711098525152e-01
2.964831389524342220e-01 2.888507585405295508e-01
3.019951720402015982e-01 2.870553295991529752e-01
3.076096814740708063e-01 2.853467614621104653e-01
3.133285724315585385e-01 2.837214214941289891e-01
3.191537855100761711e-01 2.821756394363517662e-01
3.250872973854344039e-01 2.807057613350921743e-01
3.311311214825911065e-01 2.793081893690479989e-01
3.372873086588689118e-01 2.779794107772630696e-01
3.435579478998746494e-01 2.767160183645721028e-01
3.499451670283573179e-01 2.755147245066984496e-01
3.564511334262442932e-01 2.743723701509026558e-01
3.630780547701014105e-01 2.732859299788396035e-01
3.698281797802662751e-01 2.722525146429128906e-01
3.767037989839089329e-01 2.712693707886231764e-01
3.837072454922788589e-01 2.703338794201712858e-01
3.908408957924021099e-01 2.694435530450283167e-01
3.981071705534973137e-01 2.685960319377925787e-01
4.055085354483839444e-01 2.677890797886487984e-01
4.130475019901614364e-01 2.670205789426832177e-01
4.207266283844441901e-01 2.662885253897505078e-01
4.285485203974396251e-01 2.655910236278526959e-01
4.365158322401661017e-01 2.649262814940119282e-01
4.446312674691088040e-01 2.642926050337502386e-01
4.528975799036208949e-01 2.636883934622619163e-01
4.613175745603795286e-01 2.631121342561748566e-01
4.698941086052155769e-01 2.625623984036410397e-01
4.786300923226385340e-01 2.620378358317652090e-01
4.875284901033865026e-01 2.615371710235575575e-01
4.965923214503362715e-01 2.610591988313068490e-01
5.058246620031142671e-01 2.606027804891839494e-01
5.152286445817566563e-01 2.601668398247694580e-01
5.248074602497728725e-01 2.597503596668410131e-01
5.345643593969718887e-01 2.593523784450040837e-01
5.445026528424214973e-01 2.589719869754792403e-01
5.546257129579110767e-01 2.586083254264623932e-01
5.649369748123028723e-01 2.582605804558776308e-01
5.754399373371572590e-01 2.579279825139733084e-01
5.861381645140291141e-01 2.576098033030296830e-01
5.970352865838371992e-01 2.573053533863962627e-01
6.081350012787182235e-01 2.570139799391374380e-01
6.194410750767818108e-01 2.567350646327061225e-01
6.309573444801935826e-01 2.564680216462603690e-01
6.426877173170200130e-01 2.562122957974802828e-01
6.546361740672747009e-01 2.559673607860141753e-01
6.668067692136219193e-01 2.557327175429693900e-01
6.792036326171843053e-01 2.555078926801659933e-01
6.918309709189363055e-01 2.552924370331770554e-01
7.046930689671466741e-01 2.550859242924813919e-01
7.177942912713615176e-01 2.548879497173596187e-01
7.311390834834172736e-01 2.546981289274562466e-01
7.447319739059888866e-01 2.545160967672204233e-01
7.585775750291835484e-01 2.543415062387083814e-01
7.726805850957021438e-01 2.541740274985025416e-01
7.870457896950984189e-01 2.540133469147518031e-01
8.016780633876789963e-01 2.538591661805790212e-01
8.165823713585922405e-01 2.537112014803344917e-01
8.317637711026708569e-01 2.535691827053881409e-01
8.472274141405963244e-01 2.534328527163614564e-01
8.629785477669701388e-01 2.533019666488947053e-01
8.790225168308842818e-01 2.531762912602252280e-01
8.953647655495937663e-01 2.530556043140290146e-01
9.120108393559096527e-01 2.529396940011373607e-01
9.289663867799362595e-01 2.528283583938923385e-01
9.462371613657929448e-01 2.527214049320507527e-01
9.638290236239704933e-01 2.526186499382769846e-01
9.817479430199843593e-01 2.525199181613916877e-01
1.000000000000000000e+00 2.524250423456642078e-01
1.018591388054116864e+00 2.523338628245400117e-01
1.037528415818012695e+00 2.522462271373053233e-01
1.056817509213658468e+00 2.521619896672826489e-01
1.076465213629834938e+00 2.520810113002416863e-01
1.096478196143185091e+00 2.520031591017964367e-01
1.116863247780561119e+00 2.519283060126378815e-01
1.137627285823431089e+00 2.518563305605220903e-01
1.158777356155126226e+00 2.517871165880078976e-01
1.180320635651729733e+00 2.517205529949990139e-01
1.202264434617413169e+00 2.516565334952055033e-01
1.224616199265048833e+00 2.515949563856983429e-01
1.247383514242943248e+00 2.515357243287818512e-01
1.270574105208541971e+00 2.514787441454565120e-01
1.294195841449986339e+00 2.514239266197938472e-01
1.318256738556407459e+00 2.513711863135847935e-01
1.342764961137864255e+00 2.513204413906648393e-01
1.367728825595849518e+00 2.512716134503562015e-01
1.393156802945303641e+00 2.512246273695017962e-01
1.419057521689092605e+00 2.511794111525993412e-01
1.445439770745927888e+00 2.511358957895740152e-01
1.472312502432719272e+00 2.510940151207561866e-01
1.499684835502373970e+00 2.510537057086578705e-01
1.527566058238073232e+00 2.510149067161682734e-01
1.555965631605074950e+00 2.509775597908069922e-01
1.584893192461114042e+00 2.509416089547025774e-01
1.614358556826486879e+00 2.509070004999773840e-01
1.644371723214932413e+00 2.508736828892444981e-01
1.674942876026438210e+00 2.508416066609365225e-01
1.706082389003124256e+00 2.508107243392044827e-01
1.737800828749376247e+00 2.507809903481400537e-01
1.770108958317422099e+00 2.507523609300904566e-01
1.803017740859569784e+00 2.507247940678470899e-01
1.836538343348347313e+00 2.506982494105019499e-01
1.870682140365801605e+00 2.506726882027804360e-01
1.905460717963248340e+00 2.506480732176669668e-01
1.940885877592779307e+00 2.506243686921528213e-01
1.976969640111861937e+00 2.506015402659448332e-01
2.013724249862389293e+00 2.505795549229822838e-01
2.051162178825566951e+00 2.505583809356184966e-01
2.089296130854040978e+00 2.505379878113320746e-01
2.128139045982713196e+00 2.505183462418402174e-01
2.167704104819693889e+00 2.504994280544931007e-01
2.208004733018899213e+00 2.504812061658360789e-01
2.249054605835780318e+00 2.504636545372314615e-01
2.290867652767772267e+00 2.504467481324395006e-01
2.333458062281001943e+00 2.504304628770619989e-01
2.376840286624875898e+00 2.504147756197576680e-01
2.421029046736177470e+00 2.503996640951439701e-01
2.466039337234338547e+00 2.503851068883042874e-01
2.511886431509579687e+00 2.503710834008233688e-01
2.558585886905645257e+00 2.503575738182788335e-01
2.606153549998894814e+00 2.503445590791189557e-01
2.654605561975539096e+00 2.503320208448637230e-01
2.703958364108843160e+00 2.503199414715648330e-01
2.754228703338166273e+00 2.503083039824674505e-01
2.805433637951713077e+00 2.502970920418190470e-01
2.857590543374946446e+00 2.502862899297708665e-01
2.910717118066604936e+00 2.502758825183226676e-01
2.964831389524342331e+00 2.502658552482653342e-01
3.019951720402016093e+00 2.502561941070728380e-01
3.076096814740707952e+00 2.502468856077039727e-01
3.133285724315585608e+00 2.502379167682713956e-01
3.191537855100761600e+00 2.502292750925401155e-01
3.250872973854343595e+00 2.502209485512191245e-01
3.311311214825911176e+00 2.502129255640099803e-01
3.372873086588688896e+00 2.502051949823810295e-01
3.435579478998746605e+00 2.501977460730336333e-01
3.499451670283573179e+00 2.501905685020325842e-01
3.564511334262442599e+00 2.501836523195698492e-01
3.630780547701013994e+00 2.501769879453367151e-01
3.698281797802662751e+00 2.501705661544757486e-01
3.767037989839089107e+00 2.501643780640910308e-01
3.837072454922788367e+00 2.501584151202896344e-01
3.908408957924021099e+00 2.501526690857346358e-01
3.981071705534973137e+00 2.501471320276872357e-01
4.055085354483838778e+00 2.501417963065168948e-01
4.130475019901614253e+00 2.501366545646609429e-01
4.207266283844441901e+00 2.501316997160147326e-01
4.285485203974396029e+00 2.501269249357339075e-01
4.365158322401661017e+00 2.501223236504335756e-01
4.446312674691088596e+00 2.501178895287657356e-01
4.528975799036208727e+00 2.501136164723611888e-01
4.613175745603795619e+00 2.501094986071211168e-01
4.698941086052156102e+00 2.501055302748423359e-01
4.786300923226384896e+00 2.501017060251661261e-01
4.875284901033865026e+00 2.500980206078333157e-01
4.965923214503362715e+00 2.500944689652369046e-01
5.058246620031142449e+00 2.500910462252591282e-01
5.152286445817567007e+00 2.500877476943804134e-01
5.248074602497728058e+00 2.500845688510512921e-01
5.345643593969719554e+00 2.500815053393156129e-01
5.445026528424214085e+00 2.500785529626758374e-01
5.546257129579109879e+00 2.500757076781904287e-01
5.649369748123028501e+00 2.500729655907937832e-01
5.754399373371572146e+00 2.500703229478316580e-01
5.861381645140290253e+00 2.500677761338012117e-01
5.970352865838371770e+00 2.500653216652902189e-01
6.081350012787182457e+00 2.500629561861055228e-01
6.194410750767818108e+00 2.500606764625845635e-01
6.309573444801936049e+00 2.500584793790833205e-01
6.426877173170200130e+00 2.500563619336321763e-01
6.546361740672753449e+00 2.500543212337547616e-01
6.668067692136225411e+00 2.500523544924431185e-01
6.792036326171849936e+00 2.500504590242825786e-01
6.918309709189363055e+00 2.500486322417214691e-01
7.046930689671467185e+00 2.500468716514792633e-01
7.177942912713614732e+00 2.500451748510890693e-01
7.311390834834172736e+00 2.500435395255677928e-01
7.447319739059888200e+00 2.500419634442102024e-01
7.585775750291835706e+00 2.500404444575023422e-01
7.726805850957020994e+00 2.500389804941486327e-01
7.870457896950984633e+00 2.500375695582093272e-01
8.016780633876789963e+00 2.500362097263442163e-01
8.165823713585922405e+00 2.500348991451575853e-01
8.317637711026709013e+00 2.500336360286416482e-01
8.472274141405963022e+00 2.500324186557145167e-01
8.629785477669701166e+00 2.500312453678485980e-01
8.790225168308841930e+00 2.500301145667863656e-01
8.953647655495936775e+00 2.500290247123407861e-01
9.120108393559096527e+00 2.500279743202761806e-01
9.289663867799362151e+00 2.500269619602673576e-01
9.462371613657929004e+00 2.500259862539337408e-01
9.638290236239704711e+00 2.500250458729454950e-01
9.817479430199844259e+00 2.500241395371996522e-01
1.000000000000000000e+01 2.500232660130625728e-01
