1.000000000000000021e-03 1.983746971262540979e-05
1.059637288605647619e-03 1.667303179021991240e-05
1.122831183403528608e-03 1.401337869162410430e-05
1.189793790743585815e-03 1.177798551256397878e-05
1.260749866423368625e-03 9.899171839306384563e-06
1.335937570066790796e-03 8.320054300998378253e-06
1.415609264491991641e-03 6.992824843336794492e-06
1.500032362751329076e-03 5.877303009900460235e-06
1.589490225686541547e-03 4.939718862408594644e-06
1.684283113011665958e-03 4.151689976523283879e-06
1.784729191115961254e-03 3.489361672669836920e-06
1.891165600969467973e-03 2.932684487775338012e-06
2.003949589715557297e-03 2.464806999604371322e-06
2.123459709748593081e-03 2.071565588145368109e-06
2.250097089301334938e-03 1.741055650167678216e-06
2.384286778806726358e-03 1.463271253696297974e-06
2.526479177553052867e-03 1.229802298472459876e-06
2.677151545420943662e-03 1.033579996804563145e-06
2.836809604776268159e-03 8.686629583396165177e-07
3.005989237895584018e-03 7.300573963391383777e-07
3.185258285621433462e-03 6.135660094526637072e-07
3.375218453284569743e-03 5.156609633576708313e-07
3.576507330290209282e-03 4.333771276005765228e-07
3.789800530146940957e-03 3.642223369109738417e-07
4.015813958121150148e-03 3.061019619639076529e-07
4.255306214128209454e-03 2.572555078027601457e-07
4.509081138925579227e-03 2.162033221377679209e-07
4.777990512153966994e-03 1.817018015997872733e-07
5.062936911282339171e-03 1.527057410658861711e-07
5.364876741052670810e-03 1.283366871948652723e-07
5.684823443592555356e-03 1.078563388738497109e-07
6.023850899970236220e-03 9.064418988726366210e-08
6.383097034609151385e-03 7.617873736266591352e-08
6.763767634659990750e-03 6.402168758521693463e-08
7.167140397149747780e-03 5.380468078251242433e-08
7.594569217491763113e-03 4.521813381421214210e-08
8.047488733750886650e-03 3.800186243620686759e-08
8.527419141916287373e-03 3.193719963277285696e-08
9.035971298344073685e-03 2.684037129923405229e-08
9.574852126495767002e-03 2.255692878945649309e-08
1.014587034612000026e-02 1.895706961482059963e-08
1.075094254410704012e-02 1.593170481268180891e-08
1.139209960739268751e-02 1.338915370412790357e-08
1.207149353950305072e-02 1.125236604134249659e-08
1.279140468361960638e-02 9.456587384517684373e-09
1.355424937640826132e-02 7.947396995538218333e-09
1.436258805830204106e-02 6.679058816034492015e-09
1.521913386745902749e-02 5.613135576554686118e-09
1.612676174624067676e-02 4.717324054139374791e-09
1.708851809077575196e-02 3.964476190336730058e-09
1.810763097599817420e-02 3.331776415285236382e-09
1.918752099047834475e-02 2.800050251671330154e-09
2.033181271741442420e-02 2.353183250887349045e-09
2.154434690031884619e-02 1.977632655462151043e-09
2.282919333423335043e-02 1.662016991322599603e-09
2.419066452574115261e-02 1.396771154216809268e-09
2.563333016762518041e-02 1.173856538485726166e-09
2.716203247675569657e-02 9.865174253587184815e-10
2.878190244668795209e-02 8.290762480392452226e-10
3.049837706952067753e-02 6.967615298036971911e-10
3.231721758481954920e-02 5.855632810532802210e-10
3.424452881685694644e-02 4.921114733109976132e-10
3.628677966507225933e-02 4.135739072670442616e-10
3.845082481652772194e-02 3.475703801269530514e-10
4.074392775323618099e-02 2.921005508874177391e-10
4.317378513158358355e-02 2.454833176094702268e-10
4.574855261567405823e-02 2.063058695092597633e-10
4.847687225130566796e-02 1.733808698762884684e-10
5.136790147245589438e-02 1.457104721693481128e-10
5.443134383763522516e-02 1.224560788823333781e-10
5.767748159927351542e-02 1.029129266121042109e-10
6.111721021545632460e-02 8.648872714366260778e-11
6.476207491984753428e-02 7.268571724916048703e-11
6.862430947254305469e-02 6.108557320111079655e-11
7.271687722192038406e-02 5.133673279586447974e-11
7.705351461530549062e-02 4.314374070345408338e-11
8.164877730449796034e-02 3.625829420972650359e-11
8.651808900090456056e-02 3.047171799285926864e-11
9.167779324426060528e-02 2.560863987148701256e-11
9.714520825869747689e-02 2.152167585895569715e-11
1.029386850802771619e-01 1.808696343889011688e-11
1.090776691510955271e-01 1.520040770454986429e-11
1.155827655866907694e-01 1.277452658433365696e-11
1.224758083358231664e-01 1.073579954756854954e-11
1.297799334647566361e-01 9.022439438723551741e-12
1.375196568120160834e-01 7.582519911899130668e-12
1.457209562742639020e-01 6.372401711740587177e-12
1.544113589994831337e-01 5.355410111337389735e-12
1.636200337801255733e-01 4.500723420723144825e-12
1.733778889563367676e-01 3.782438881960768822e-12
1.837176761578637463e-01 3.178787641125738085e-12
1.946741002328491732e-01 2.671475005588978069e-12
2.062839357324803835e-01 2.245125991008939592e-12
2.185861503424672003e-01 1.886819356059555461e-12
2.316220356756383825e-01 1.585696001618526000e-12
2.454353458646540698e-01 1.332629866844328009e-12
2.600724444200116503e-01 1.119951348056736516e-12
2.755824598462641717e-01 9.412148581559327406e-13
2.920174505387700958e-01 7.910034817222129479e-13
3.094325795144362012e-01 6.647648061247960709e-13
3.278862995629286403e-01 5.586729527210233154e-13
3.474405494398008498e-01 4.695126269616506300e-13
3.681609617600470341e-01 3.945816733328066494e-13
3.901170832898637753e-01 3.316091818844505283e-13
4.133826083760148706e-01 2.786866643292157550e-13
4.380356262962906699e-01 2.342102140447602889e-13
4.641588833612781961e-01 1.968318969122322555e-13
4.918400606471698966e-01 1.654188998467242878e-13
5.211720682918044023e-01 1.390191989527919850e-13
5.522533573417250929e-01 1.168327068146418116e-13
5.851882501969514205e-01 9.818702445677482594e-14
6.200872907625809560e-01 8.251706315359259725e-14
6.570676154824831583e-01 6.934791844698519772e-14
6.962533465004366873e-01 5.828047735390629053e-14
7.377760082683312293e-01 4.897932256827045443e-14
7.817749689997524065e-01 4.116256707170299762e-14
8.283979084506618573e-01 3.459331106177445845e-14
8.778013135972488890e-01 2.907246230564277675e-14
9.301510038746646503e-01 2.443270231171907383e-14
9.856226877395709574e-01 2.053341545897523725e-14
1.044402552424569919e+00 1.725642740344180636e-14
1.106687888863989055e+00 1.450242360654632478e-14
1.172687753888545625e+00 1.218793943844814484e-14
1.242623671911505578e+00 1.024283064359354296e-14
1.316730378461501649e+00 8.608147501006125543e-15
1.395256608057633851e+00 7.234348253949213630e-15
1.478465929071304030e+00 6.079797664239210251e-15
1.566637628376946312e+00 5.109505187219369193e-15
1.660067648760929604e+00 4.294064524104353537e-15
1.759069582234984219e+00 3.608762415681614724e-15
1.863975722588147921e+00 3.032829665781394811e-15
1.975138180710058089e+00 2.548811696241407318e-15
2.092930066429097735e+00 2.142039557102042230e-15
2.217746740832167163e+00 1.800185359686697796e-15
2.350007143269409404e+00 1.512888659821667798e-15
2.490155197497900819e+00 1.271442467146170007e-15
2.638661301683936866e+00 1.068529365665402148e-15
2.796023907265015485e+00 8.979997473583034672e-16
2.962771191970869911e+00 7.546854382426272224e-16
3.139462832618935550e+00 6.342430683706435623e-16
3.326691883634534719e+00 5.330224389772492182e-16
3.525086767600913440e+00 4.479558971276678437e-16
3.735313384520278390e+00 3.764653655807100730e-16
3.958077346865453094e+00 3.163842099303075478e-16
4.194126347923944564e+00 2.658915752494635351e-16
4.444252671383635445e+00 2.234572021078079374e-16
4.709295850583361975e+00 1.877950496215488307e-16
4.990145486353981141e+00 1.578243198563625349e-16
5.287744232907843234e+00 1.326367025352942520e-16
5.603090961798617542e+00 1.114688472191734313e-16
5.937244114571097242e+00 9.367922875558687716e-17
6.291325255353957147e+00 7.872870481568023195e-17
6.666522835319500295e+00 6.616417634047143660e-17
7.064096181645590278e+00 5.560485562982505014e-17
7.485379724368441678e+00 4.673072597516009217e-17
7.931787475313465841e+00 3.927284303809598370e-17
8.404817774137397279e+00 3.300518406761091619e-17
8.906058317411504888e+00 2.773779791733237363e-17
9.437191487625703701e+00 2.331104828225440097e-17
1.000000000000000000e+01 1.959077565956048038e-17
