0.01 0.0009634462557300639
0.0162572 0.00012897695792796402
0.0234084 0.00009054684352777078
0.0305595 0.00006476207491984772
0.0466495 0.00004546549677172857
0.0645273 0.00003990967278957482
0.0859807 0.00003845082481652776
0.125312 0.00003917345832214578
0.164643 0.00003312955736445404
0.20755 0.000028280200213639034
0.266547 0.00002459436304569029
0.300514 0.00002459436304569029
0.32018 0.000029081168973413114
0.32018 0.000033752184532845836
0.309453 0.00004380356262962925
0.257608 0.00009224855430441417
0.200399 0.00019427177289680822
0.182521 0.00025212577760628054
0.112797 0.0010187937062225859
0.0645273 0.00427294952636723
