# m_0[MeV] 1/Lambda[1/GeV]
10    0.000029083793343594638
33.59567901234573    0.00000996287063381989
46.46604938271605    0.000006666678802193112
70.06172839506172    0.000004769948958377537
140.84876543209873    0.0000026698960062900577
215.92592592592587    0.0000019974901788020217
288.8580246913579    0.0000017085719787397035
372.5154320987653    0.000001528157132962135
393.9660493827159    0.0000018268901718444133
423.9969135802467    0.0000017471344724313923
479.7685185185183    0.0000017471344724313923
514.0895061728393    0.0000021358158868442375
559.1358024691356    0.0000020425735603497407
752.1913580246912    0.0000015979166408166075
874.4598765432095    0.000001397641538801866
990.2932098765427    0.0000013071235514440544
1110.4166666666663    0.0000012782729137271526
1164.0432098765427    0.0000013667930014547153
1185.4938271604933    0.0000014614430836827858
1187.6388888888885    0.0000016708606307057683
1185.466237942122    0.0000017159370350332733
1092.5016077170417    0.000002784478925860684
1008.4758842443728    0.000003750800707179916
797.5176848874596    0.000007610297198742471
659.8585209003215    0.00001281789505684193
479.2926045016076    0.000029081168973413114
311.24115755627    0.00008723701736500664
184.3086816720256    0.00033962316473686976
71.67845659163987    0.0036816096176004705
