0.01 0.000029083793343594638
0.0335957 0.00000996287063381989
0.046466 0.000006666678802193112
0.0700617 0.000004769948958377537
0.140849 0.0000026698960062900577
0.215926 0.0000019974901788020217
0.288858 0.0000017085719787397035
0.372515 0.000001528157132962135
0.393966 0.0000018268901718444133
0.423997 0.0000017471344724313923
0.479769 0.0000017471344724313923
0.51409 0.0000021358158868442375
0.559136 0.0000020425735603497407
0.752191 0.0000015979166408166075
0.87446 0.000001397641538801866
0.990293 0.0000013071235514440544
1.11042 0.0000012782729137271526
1.16404 0.0000013667930014547153
1.18549 0.0000014614430836827858
1.18764 0.0000016708606307057683
1.18547 0.0000017159370350332733
1.0925 0.000002784478925860684
1.00848 0.000003750800707179916
0.797518 0.000007610297198742471
0.659859 0.00001281789505684193
0.479293 0.000029081168973413114
0.311241 0.00008723701736500664
0.184309 0.00033962316473686976
0.0716785 0.0036816096176004705
