# m_0[MeV] 1/Lambda[1/GeV]
10.893890675241153    0.0009634462557300639
17.15112540192922    0.0004168176412786126
22.514469453376194    0.0002616915848774867
30.559485530546567    0.00015537268221466408
41.28617363344051    0.00009574852126495787
46.64951768488743    0.00009486127308200342
52.90675241157555    0.00007948213819076174
59.16398713826362    0.00006476207491984747
65.42122186495175    0.00006476207491984772
72.57234726688097    0.00005276816204740018
102.07073954983923    0.00003438651317332658
114.58520900321537    0.00003438651317332658
127.99356913183271    0.00002881168998837008
141.40192926045006    0.00002881168998837008
153.91639871382625    0.000024140670378579043
167.32475884244417    0.000024140670378579043
179.83922829581996    0.000020226927561779262
244.19935691318324    0.000020416112295895516
244.19935691318324    0.000024366460790543953
225.42765273311892    0.000031918547996777515
205.76205787781345    0.00004142387035313432
200.39871382636647    0.00004898092180855851
191.4598070739549    0.0000601140158143021
171.79421221864948    0.00007801592972679446
141.40192926045006    0.00011972011239846847
129.78135048231508    0.0001658351354635098
114.58520900321543    0.00020543217470287735
102.96463022508033    0.0002872241972082086
87.76848874598068    0.00044076271722640997
75.25401929260448    0.0006278323155294794
69.89067524115751    0.0007777420482545698
63.633440514469385    0.0009815529816215043
60.95176848874593    0.0012977993346475678
73.46623794212212    0.0013099377981542761
91.34405144694529    0.0013221897940788002
107.43408360128615    0.0013221897940788002
116.37299035369767    0.0013221897940788002
124.4180064308681    0.0012272944974220216
146.76527331189703    0.0010379406158387517
196.8231511254018    0.0007086051635338489
217.3826366559485    0.0007086051635338489
236.1543408360128    0.0006162506812662929
266.54662379421217    0.0005614694689023861
279.0610932475884    0.0005211720682918044
314.81672025723464    0.0005211720682918049
339.845659163987    0.0005211720682918049
362.1929260450161    0.0004448852206176017
408.6752411575562    0.0004448852206176013
464.096463022508    0.0004448852206176013
478.3987138263664    0.0003833168861104175
533.8199356913183    0.0003797649021611701
933.3890675241155    0.00037624583246755007
1399.1061093247583    0.00037976490216117047
