1e-6 0.0012977993346475678
0.0609518 0.0012977993346475678
0.0734662 0.0013099377981542761
0.0913441 0.0013221897940788002
0.107434 0.0013221897940788002
0.116373 0.0013221897940788002
0.124418 0.0012272944974220216
0.146765 0.0010379406158387517
0.196823 0.0007086051635338489
0.217383 0.0007086051635338489
0.236154 0.0006162506812662929
0.266547 0.0005614694689023861
0.279061 0.0005211720682918044
0.314817 0.0005211720682918049
0.339846 0.0005211720682918049
0.362193 0.0004448852206176017
0.408675 0.0004448852206176013
0.464096 0.0004448852206176013
0.478399 0.0003833168861104175
0.53382 0.0003797649021611701
0.933389 0.00037624583246755007
10 0.00037976490216117047
10  10
