# m_0[MeV] 1/Lambda[1/GeV]
14.469453376205763    0.00001726619993322446
28.77170418006432    0.000008047488733750921
94.91961414790995    0.0000031721061278090566
146.76527331189703    0.000001991550735327615
223.63987138263656    0.0000011824322882193622
280.8488745980707    8.778013135972525e-7
345.20900321543394    7.705351461530572e-7
377.38906752411566    7.020389144109229e-7
409.56913183279727    8.301134799859412e-7
457.83922829581985    8.778013135972525e-7
523.9871382636654    0.0000012046545732722545
672.3729903536976    9.282286876802837e-7
752.8231511254019    8.148003613644018e-7
876.1800643086815    7.286747031664442e-7
1047.8070739549837    6.16250681266296e-7
1176.5273311897104    5.720215611538924e-7
1282.006430868167    5.827719663272024e-7
1346.3665594855302    6.763767634660032e-7
1360.6688102893888    7.42369201469583e-7
1308.8231511254016    0.000001000000000000006
1160.4372990353695    0.0000018486145255018482
1056.7459807073951    0.000002536954442728332
806.456591639871    0.000005974207785110099
579.4083601286172    0.000014602273724464956
384.5401929260449    0.00004990145486354001
177.1575562700964    0.000303724471033228
64.5273311897106    0.004040815325966128
