0.0144695 0.00001726619993322446
0.0287717 0.000008047488733750921
0.0949196 0.0000031721061278090566
0.146765 0.000001991550735327615
0.22364 0.0000011824322882193622
0.280849 8.778013135972525e-7
0.345209 7.705351461530572e-7
0.377389 7.020389144109229e-7
0.409569 8.301134799859412e-7
0.457839 8.778013135972525e-7
0.523987 0.0000012046545732722545
0.672373 9.282286876802837e-7
0.752823 8.148003613644018e-7
0.87618 7.286747031664442e-7
1.04781 6.16250681266296e-7
1.17653 5.720215611538924e-7
1.28201 5.827719663272024e-7
1.34637 6.763767634660032e-7
1.36067 7.42369201469583e-7
1.30882 0.000001000000000000006
1.16044 0.0000018486145255018482
1.05675 0.000002536954442728332
0.806457 0.000005974207785110099
0.579408 0.000014602273724464956
0.38454 0.00004990145486354001
0.177158 0.000303724471033228
0.0645273 0.004040815325966128
