# m_0[MeV] 1/Lambda[1/GeV]
10.0    0.0009634462557300639
16.25723472668807    0.00012897695792796402
23.408360128617346    0.00009054684352777078
30.559485530546567    0.00006476207491984772
46.64951768488743    0.00004546549677172857
64.5273311897106    0.00003990967278957482
85.98070739549831    0.00003845082481652776
125.31189710610926    0.00003917345832214578
164.6430868167202    0.00003312955736445404
207.54983922829575    0.000028280200213639034
266.54662379421217    0.00002459436304569029
300.5144694533761    0.00002459436304569029
320.18006430868155    0.000029081168973413114
320.18006430868155    0.000033752184532845836
309.4533762057876    0.00004380356262962925
257.60771704180064    0.00009224855430441417
200.39871382636647    0.00019427177289680822
182.52090032154337    0.00025212577760628054
112.79742765273306    0.0010187937062225859
64.5273311897106    0.00427294952636723
