# m_0[MeV] 1/Lambda[1/GeV]
28.77170418006432    0.0007997697241235044
50.22508038585204    0.0008778013135972489
84.19292604501607    0.0009111056360191928
100.28295819935687    0.0007850163573240328
125.31189710610926    0.0006638996288795544
155.70418006430867    0.0006516526602241366
207.54983922829575    0.0006278323155294794
257.60771704180064    0.0005720215611538888
291.57556270096455    0.0005021212777868322
313.02893890675233    0.00043263195928117863
341.63344051446944    0.0003333581299752055
361.2990353697748    0.0002981216601340791
395.2668810289388    0.0003152479645095275
405.99356913183266    0.000365883073044873
427.44694533762055    0.0004407627172264104
452.47588424437293    0.0004748428087564426
473.9292604501607    0.0004091285985894644
495.3826366559484    0.0003272086664249315
511.47266881028924    0.00039417341642310774
529.3504823151125    0.0005409456575207514
581.1961414790997    0.0005614694689023866
613.3762057877811    0.0005309668230346981
668.797427652733    0.0004748428087564431
718.8553054662377    0.00044076271722641084
776.064308681672    0.0004490462822478318
874.3922829581993    0.00044076271722641084
1001.3247588424433    0.00044076271722641084
