# Lines from fig 8 2105.06476
# m_aprime [MeV] (dark photon)    Gaggprime=1/f_a same lagrangian as in fig 4.56 2203.05090(photon - dark photon - axion) [1/GeV]
3.61075e-09 0.9788894864775821
5.75347e-09 0.6093233582968356
1.50264e-08 0.23082064088399776
3.40767e-08 0.10474893602288413
6.80604e-08 0.05086406783600075
1.32147e-07 0.026430242215516413
2.79266e-07 0.012267599575105636
3.69851e-06 0.0009356573057115485
3.90788e-05 0.00008743788700678569
0.000137282 0.000025263313140896265
0.00101912 0.0000037084596000418974
0.00231088 0.000002016400629268319
0.00363003 0.0000016460666480341671
0.00538856 0.0000016843382908857848
0.00704434 0.000002064740153136239
0.00822644 0.000002312060705370113
0.00811108 0.000002364867191927361
0.00423543 0.000007827941997563994
0.00115486 0.0000877289277349554
0.000656397 0.0002369724791404502
0.000435833 0.0004167368925499583
0.000347684 0.0005981117392770569
0.000200466 0.0011511724267027873
7.56801e-05 0.0031082868191399304
2.58822e-05 0.009395662029994657
8.85157e-06 0.028401003549057984
2.55528e-06 0.11257197067280722
1.22629e-06 0.25374933163466645
6.40547e-07 0.49949874754391455
3.39345e-07 0.9612943208861734