9.523809523809522934e-03 1e3
9.523809523809522934e-03 3.270060210785141167e-04
1.139230665226648696e-02 2.511886431509579545e-04
1.145285336949366899e-02 2.493812164227309901e-04
1.377262428182785339e-02 2.235536757180493100e-04
1.635765259936334745e-02 1.847849797422290350e-04
1.656226387335475725e-02 1.825272240477598463e-04
1.991694385888138907e-02 1.445182274017547627e-04
2.104110795122612551e-02 1.359356390878525497e-04
2.395111294634163016e-02 1.195849972217264453e-04
2.880240138411637243e-02 1.045539568875305701e-04
3.000536883723224635e-02 1.000000000000000048e-04
3.463631637286656434e-02 8.709135467623252630e-05
3.988996165178614745e-02 7.356422544596421338e-05
4.165188853117249984e-02 7.022283119153441657e-05
5.008846205055141054e-02 6.222372149739452060e-05
5.466795430518719273e-02 5.411695265464637337e-05
6.023386019368342364e-02 4.684994599295461641e-05
7.243420471106797043e-02 4.102742723608263114e-05
7.789783830641530682e-02 3.981071705534969458e-05
8.710572417663363376e-02 3.829610763570554525e-05
1.047489540970471394e-01 3.190361220506818436e-05
1.139430624519450486e-01 2.928644564625237375e-05
1.259658132475369174e-01 2.673655941480298671e-05
1.514801388127715864e-01 2.275107448308574137e-05
1.821623809123880666e-01 2.240730006021715253e-05
2.046166408249566748e-01 2.928644564625237375e-05
1.940604508673030582e-01 3.981071705534969458e-05
1.821623809123880666e-01 5.220094101994220733e-05
1.804529452142017432e-01 5.411695265464637337e-05
1.619473444877099211e-01 7.356422544596422693e-05
1.514801388127715864e-01 9.118044490220043928e-05
1.459677594370161757e-01 1.000000000000000048e-04
1.297386220434275372e-01 1.359356390878525497e-04
1.259658132475369174e-01 1.475153417953707603e-04
1.135971952956215114e-01 1.847849797422290621e-04
1.047489540970471394e-01 2.259701295488086446e-04
9.995443790675910545e-02 2.511886431509579545e-04
8.851425211238243829e-02 3.414548873833600853e-04
8.710572417663363376e-02 3.564618225096244570e-04
7.739829625992228346e-02 4.641588833612777317e-04
7.243420471106797043e-02 5.484074537625012024e-04
6.798930246058555726e-02 6.309573444801929842e-04
6.023386019368342364e-02 8.529466349293321351e-04
6.006114569118350260e-02 8.576958985908937584e-04
5.159727584729163069e-02 1.165914401179830992e-03
5.008846205055140360e-02 1.246630025968783854e-03
4.465715421409346270e-02 1.584893192461114082e-03
4.165188853117249984e-02 1.864598521046893645e-03
3.893651803710190124e-02 2.154434690031884272e-03
3.463631637286656434e-02 2.905571081529689705e-03
3.449852076326465067e-02 2.928644564625237402e-03
2.965815655522204344e-02 3.981071705534973415e-03
2.880240138411637243e-02 4.257462569206877864e-03
2.575795033603496542e-02 5.411695265464637472e-03
2.395111294634163016e-02 6.469121873016614281e-03
2.246792729983881909e-02 7.356422544596413586e-03
1.991694385888138907e-02 9.666685654039762834e-03
1.956368293980394538e-02 1.000000000000000021e-02
