# m_0[MeV] 1/Lambda[1/GeV]
10.0    10
10.0    0.0025948301140816562
14.26405867970658    0.000992934304893019
19.594132029339846    0.00034417776977112074
28.122249388753033    0.00017718022869906176
47.31051344743278    0.00008031616735362185
53.70660146699265    0.0000659015160445721
66.49877750611248    0.00006589605351974641
72.89486552567237    0.000053311004527312646
77.15892420537898    0.000047612952310797166
86.75305623471885    0.000041925995905404296
101.67726161369194    0.00003488886060566014
115.0024449877751    0.00003464031256663037
128.32762836185816    0.000029030678467126507
141.11980440097796    0.00002902827213702439
153.9119804400978    0.0000241563094736308
167.23716381418092    0.000024154223750680042
179.4963325183374    0.000020386325461231703
243.99022004889974    0.000020377807447153398
244.52322738386306    0.00002431325308257763
225.86797066014674    0.00003180240673771383
205.080684596577    0.00004219081103451245
193.8875305623472    0.000057572978623567935
175.23227383863082    0.00007477701611213544
157.11002444987776    0.00009643808519584312
141.119804400978    0.00011921149061509789
136.85574572127138    0.0001373029320745542
130.99266503667485    0.00015926248559327403
120.86552567237163    0.0001873674458077367
114.46943765281173    0.00020394917476953262
107.00733496332515    0.0002556833580231296
95.28117359413204    0.00035386674868893105
81.42298288508556    0.0005182304498395299
72.89486552567237    0.0006923310323566134
59.569682151589234    0.0013074494836162137
71.82885085574571    0.0013166122838956216
96.88019559902199    0.0013257294006645385
115.53545232273837    0.0013162394503052352
130.45965770171148    0.0011838062637991944
154.97799511002444    0.0009850471815221165
196.55256723716383    0.0007065912484830128
216.8068459657702    0.0007064985168030892
237.5941320293398    0.0006047391597503976
278.63569682151575    0.0006045783524188809
299.4229828850856    0.0005174988993600033
340.46454767726163    0.0005173612902508073
361.7848410757946    0.00043972563434912295
772.200488997555    0.00043855774979037823
1098.9339853300737    0.00043763021037445483
1098.9339853300737    10
