# m_0[MeV] 1/Lambda[1/GeV]
15.330073349633267    0.000015169336842700828
29.18826405867972    0.000008743066701810292
48.37652811735941    0.000006497936098470364
81.42298288508556    0.0000035893327777039368
141.119804400978    0.0000020681494655050704
193.35452322738388    0.0000015367406060402857
246.65525672371638    0.0000012784859701284342
301.02200488997556    0.0000012250055584443047
353.25672371638143    0.000001207413676154068
380.9731051344743    0.0000012955462982049449
437.47188264058684    0.000001351135318420878
512.0929095354523    0.000001294446005242695
596.3080684596578    0.000001205513544222646
726.3618581907091    0.000001060697076976306
864.9437652811735    0.000001030223460086656
979.0073349633251    0.0000011690286664162394
1004.0586797066014    0.0000017731123564326633
990.7334963325184    0.0000019437976679276074
888.3960880195598    0.0000035205277097621014
727.4278728606357    0.000006749465062869535
531.8141809290952    0.00001669005960646511
351.12469437652817    0.00005321497590328893
192.2885085574572    0.00023477543113000285
85.68704156479217    0.0022518929291994137
54.77261613691931    0.005969632832141078
