# m_0[MeV] 1/Lambda[1/GeV]
18.528117359413216    0.005408848715504606
47.31051344743278    0.005886181519263962
83.55501222493888    0.006588877085763678
111.27139364303179    0.005967447694669018
141.119804400978    0.00469256333491925
199.75061124694378    0.004496144245079614
249.85330073349633    0.004369475392219271
283.9657701711492    0.003846968005763613
320.2102689486553    0.0028587897683713067
348.9926650366748    0.0023124730474781965
395.89731051344745    0.002662529164078661
431.07579462102694    0.0035309759581063547
467.32029339853295    0.003108694444801882
509.960880195599    0.003951413836237778
551.5354523227384    0.004299771064509964
605.9022004889977    0.004062117263095417
645.3447432762836    0.003892571054035421
689.0513447432762    0.003475632061866264
770.0684596577017    0.0031026018089620492
828.6992665036674    0.0030579196723899693
877.7359413202933    0.003280672817203647
938.4987775061124    0.003279381339088959
1004.5916870415647    0.0032319970272580304
