# m_0[MeV] 1/Lambda[1/GeV]
10    0.0009929617409236253
13.198044009779949    0.0003853723670937031
14.26405867970658    0.00019016435046246232
17.462102689486528    0.00011598349140920629
24.924205378973085    0.00008743308283800592
37.71638141809291    0.000054081762266176015
51.57457212713936    0.00004375093059874648
65.43276283618582    0.00004134361216284408
100.61124694376525    0.000041922231104517924
144.3178484107579    0.00004017135495075867
183.76039119804403    0.00003742231364285143
241.32518337408317    0.00003958298232845213
257.3154034229829    0.00004755740115313663
259.4474327628362    0.000054004113067085134
254.1173594132029    0.00006866514101974473
231.73105134474326    0.00010641022588034208
188.55745721271398    0.00021570158220542225
141.65281173594133    0.0005035974119900967
101.67726161369194    0.0012796876081505792
76.09290953545235    0.0026306277658023317
63.300733496332526    0.0041344183347044065
