# m_0[MeV] 1/Lambda[1/GeV]
10    1e-3
15.330073349633267    0.000021594384417270707
20.660146699266505    0.000016510545075160405
24.924205378973085    0.000014133988990039892
29.18826405867972    0.00001096032168556873
39.848410757946226    0.000008262165964581538
54.77261613691931    0.000005885896905458005
80.35696821515893    0.000004192773361984387
116.60146699266505    0.000003160094001362482
151.7799511002445    0.0000026667442668835728
212.54278728606357    0.0000022659912248635585
299.95599022004893    0.000002140288646154323
362.8508557457212    0.000002247852142578958
427.87775061124694    0.000002462986563958111
485.4425427872859    0.0000025326197083755575
536.6112469437653    0.0000024267278534124124
621.8924205378974    0.0000022440821166293884
711.4376528117359    0.000002149719708647233
787.124694376528    0.000002148665641048489
862.8117359413202    0.00000222481171932571
917.7114914425429    0.0000027295799506993235
916.1124694376529    0.000003099667026617591
904.3863080684596    0.000003570242672682078
873.4718826405867    0.000004476558304361879
767.9364303178486    0.0000072928567919442145
647.4767726161372    0.0000123092204263051
461.4572127139364    0.000031088125540075024
336.200488997555    0.000068628628120466
226.93398533007337    0.00018202276172237837
164.57212713936428    0.00041317060810459514
98.47921760391193    0.0016042515724088743
65.43276283618582    0.004629010571025076
