0.00995354433697825  1e3
0.00995354433697825  1.2857381856283603e-7
0.012216773489967931  1.2857381856283656e-7
0.018404077549996165  1.2998651644123453e-7
0.03466884175703483  1.3728627411804663e-7
0.051984589732776414  1.4982808211581732e-7
0.07544912302384187  1.804143950550251e-7
0.09930397498061086  2.2944466609852082e-7
0.11963449498246875  2.982471286216894e-7
0.14279129059382473  4.1849947282139166e-7
0.1408104819136314  0.000001036557075211076
0.13377972326003076  0.000006289904734924171
0.12948950788953542  0.000014912804415480216
