1.000000000000000021e-03 1.276378182531388639e+01
1.018591388054116949e-03 1.164070737586022375e+01
1.037528415818012636e-03 1.061645130455105601e+01
1.056817509213658478e-03 9.682318664988351031e+00
1.076465213629834933e-03 8.830379570322161698e+00
1.096478196143185150e-03 8.053401874704322339e+00
1.116863247780561100e-03 7.344789778801604996e+00
1.137627285823430891e-03 6.698527838231266074e+00
1.158777356155126165e-03 6.109129899295052013e+00
1.180320635651729714e-03 5.571592528195132843e+00
1.202264434617413003e-03 5.081352538124686902e+00
1.224616199265048892e-03 4.634248253493991498e+00
1.247383514242943279e-03 4.226484182351613939e+00
1.270574105208541974e-03 3.854598797052256831e+00
1.294195841449986232e-03 3.515435149652262226e+00
1.318256738556407509e-03 3.206114072607087806e+00
1.342764961137864156e-03 2.924009737309484880e+00
1.367728825595849410e-03 2.666727363031376807e+00
1.393156802945303557e-03 2.432082887089776602e+00
1.419057521689092577e-03 2.218084423703737595e+00
1.445439770745927987e-03 2.022915354188957959e+00
1.472312502432719271e-03 1.844918904978907426e+00
1.499684835502374143e-03 1.682584082584796858e+00
1.527566058238073168e-03 1.534532846119138982e+00
1.555965631605074964e-03 1.399508408507120993e+00
1.584893192461114082e-03 1.276364567085950030e+00
1.614358556826487028e-03 1.164055973026072666e+00
1.644371723214932326e-03 1.061629256973963153e+00
1.674942876026438250e-03 9.682149355815303782e-01
1.706082389003124242e-03 8.830200302138033752e-01
1.737800828749376265e-03 8.053213351704805456e-01
1.770108958317422000e-03 7.344592782695451572e-01
1.803017740859569947e-03 6.698323216689645587e-01
1.836538343348347339e-03 6.108918553882829450e-01
1.870682140365801695e-03 5.571375401744055322e-01
1.905460717963248195e-03 5.081130601705619032e-01
1.940885877592779312e-03 4.634022493265966269e-01
1.976969640111860081e-03 4.226255586619262483e-01
2.013724249862387447e-03 3.854368343865011703e-01
2.051162178825564637e-03 3.515203795246160112e-01
2.089296130854038577e-03 3.205882740935807607e-01
2.128139045982711374e-03 2.923779310847750557e-01
2.167704104819694055e-03 2.666498674968489913e-01
2.208004733018899008e-03 2.431856714969255762e-01
2.249054605835780311e-03 2.217861484510712800e-01
2.290867652767772378e-03 2.022696300841329009e-01
2.333458062281002030e-03 1.844704324142277807e-01
2.376840286624876033e-03 1.682374493704477669e-01
2.421029046736177751e-03 1.534328701544383777e-01
2.466039337234338710e-03 1.399310094572140672e-01
2.511886431509579437e-03 1.276172406008029003e-01
2.558585886905645219e-03 1.163870225482076110e-01
2.606153549998894894e-03 1.061450125221519575e-01
2.654605561975539006e-03 9.680425669991712945e-02
2.703958364108843566e-03 8.828545211444495389e-02
2.754228703338165978e-03 8.051627349640734510e-02
2.805433637951713129e-03 7.343075934327003562e-02
2.857590543374946730e-03 6.696875200417820584e-02
2.910717118066605269e-03 6.107538702804267416e-02
2.964831389524342272e-03 5.570062744040307767e-02
3.019951720402016138e-03 5.079883899603612751e-02
3.076096814740708011e-03 4.632840280210575451e-02
3.133285724315585784e-03 4.225136202387030915e-02
3.191537855100761399e-03 3.853309967426696292e-02
3.250872973854343657e-03 3.514204475253693283e-02
3.311311214825910908e-03 3.204940423768404267e-02
3.372873086588689100e-03 2.922891866201126482e-02
3.435579478998746286e-03 2.665663919012351696e-02
3.499451670283573214e-03 2.431072431131575326e-02
3.564511334262442620e-03 2.217125441973711447e-02
3.630780547701014001e-03 2.022006270854290536e-02
3.698281797802662786e-03 1.844058094271229867e-02
3.767037989839089156e-03 1.681769880148923507e-02
3.837072454922788207e-03 1.533763559657521508e-02
3.908408957924020856e-03 1.398782327723914302e-02
3.981071705534973415e-03 1.275679972930502185e-02
4.055085354483838923e-03 1.163411146234552898e-02
4.130475019901614850e-03 1.061022485908976777e-02
4.207266283844442178e-03 9.676445233723853304e-03
4.285485203974396737e-03 8.824843012039224402e-03
4.365158322401660983e-03 8.048186406829532444e-03
4.446312674691088596e-03 7.339880017064383776e-03
4.528975799036208914e-03 6.693908829645961456e-03
4.613175745603795459e-03 6.104787148408792608e-03
4.698941086052155734e-03 5.567512016843172845e-03
4.786300923226385375e-03 5.077520739163573528e-03
4.875284901033865269e-03 4.630652139128879283e-03
4.965923214503362680e-03 4.223111227746274843e-03
5.058246620031137293e-03 3.851436979924734855e-03
5.152286445817561532e-03 3.512472946532343380e-03
5.248074602497722861e-03 3.203340452379009953e-03
5.345643593969713440e-03 2.921414152595057032e-03
5.445026528424209283e-03 2.664299739895271968e-03
5.546257129579105008e-03 2.429813613475066605e-03
5.649369748123022304e-03 2.215964336936440075e-03
5.754399373371566623e-03 2.020935727827750938e-03
5.861381645140284653e-03 1.843071435231312741e-03
5.970352865838366233e-03 1.680860874464420096e-03
6.081350012787175956e-03 1.532926399479774557e-03
6.194410750767811655e-03 1.398011604057898104e-03
6.309573444801930275e-03 1.274970652466563903e-03
6.426877173170193573e-03 1.162758549001496238e-03
6.546361740672746767e-03 1.060422263793031356e-03
6.668067692136218742e-03 9.670926395325673284e-04
6.792036326171843434e-03 8.819770104022139640e-04
6.918309709189362708e-03 8.043524705373863298e-04
7.046930689671467365e-03 7.335597348663979323e-04
7.177942912713615280e-03 6.689975402002885322e-04
7.311390834834172354e-03 6.101175390327819243e-04
7.447319739059888796e-03 5.564196426933986630e-04
7.585775750291835935e-03 5.074477743118101540e-04
7.726805850957021646e-03 4.627859955308985030e-04
7.870457896950984814e-03 4.220549740792612563e-04
8.016780633876788992e-03 3.849087622079223696e-04
8.165823713585922128e-03 3.510318586354268318e-04
8.317637711026708985e-03 3.201365290526659874e-04
8.472274141405963452e-03 2.919603624341281364e-04
8.629785477669701596e-03 2.662640424044784718e-04
8.790225168308843026e-03 2.428293147353816799e-04
8.953647655495937385e-03 2.214571337128299700e-04
9.120108393559096804e-03 2.019659716340451892e-04
9.289663867799363706e-03 1.841902770781969850e-04
9.462371613657928962e-03 1.679790688584528063e-04
9.638290236239705627e-03 1.531946537150009652e-04
9.817479430199843246e-03 1.397114568594324375e-04
1.000000000000000021e-02 1.274149554391398973e-04
1.018591388054116906e-02 1.162007058643634792e-04
1.037528415818012723e-02 1.059734567375550406e-04
1.056817509213658565e-02 9.664633985165701189e-05
1.076465213629834890e-02 8.814013238683676981e-05
1.096478196143185063e-02 8.038258403983344013e-05
1.116863247780561230e-02 7.330780337147940219e-05
1.137627285823430978e-02 6.685569816084561945e-05
1.158777356155126122e-02 6.097146501309021812e-05
1.180320635651729844e-02 5.560512388636399062e-05
1.202264434617413176e-02 5.071109358459034992e-05
1.224616199265048978e-02 4.624780461083318058e-05
1.247383514242943192e-02 4.217734609324760002e-05
1.270574105208541887e-02 3.846514378496854913e-05
1.294195841449986319e-02 3.507966640318721795e-05
1.318256738556407466e-02 3.199215781333873297e-05
1.342764961137864199e-02 2.917639278381718653e-05
1.367728825595849497e-02 2.660845423681091533e-05
1.393156802945303557e-02 2.426653010341186143e-05
1.419057521689092577e-02 2.213072805764761022e-05
1.445439770745927249e-02 2.018290655592747194e-05
1.472312502432718620e-02 1.840652074687365472e-05
1.499684835502373276e-02 1.678648194280237574e-05
1.527566058238072344e-02 1.530902945929715580e-05
1.555965631605074270e-02 1.396161373436016977e-05
1.584893192461113431e-02 1.273278973442515772e-05
1.614358556826486074e-02 1.161211974188234712e-05
1.644371723214931372e-02 1.059008469844491826e-05
1.674942876026437252e-02 9.658003351352430595e-06
1.706082389003123548e-02 8.807958515677879368e-06
1.737800828749375484e-02 8.032729826443835698e-06
1.770108958317421002e-02 7.325732409373008902e-06
1.803017740859568993e-02 6.680960949367336774e-06
1.836538343348346342e-02 6.092938681654597818e-06
1.870682140365800480e-02 5.556670872351384729e-06
1.905460717963247327e-02 5.067602393322165680e-06
1.940885877592778141e-02 4.621579030988387808e-06
1.976969640111861035e-02 4.214812200456092587e-06
2.013724249862388488e-02 3.843846765253425975e-06
2.051162178825565591e-02 3.505531689347046561e-06
2.089296130854039618e-02 3.196993272162544987e-06
2.128139045982712155e-02 2.915610739272941307e-06
2.167704104819695096e-02 2.658993981427419976e-06
2.208004733018900309e-02 2.424963252839642341e-06
2.249054605835781526e-02 2.211530656296299485e-06
2.290867652767773419e-02 2.016883257823155354e-06
2.333458062281003331e-02 1.839367687486855387e-06
2.376840286624877160e-02 1.677476095533541427e-06
2.421029046736178705e-02 1.529833344577187721e-06
2.466039337234339837e-02 1.395185329049307731e-06
2.511886431509580825e-02 1.272388322696340573e-06
2.558585886905645132e-02 1.160399263643058852e-06
2.606153549998894980e-02 1.058266894503835389e-06
2.654605561975538833e-02 9.651236822862905897e-07
2.703958364108843479e-02 8.801784494551457652e-07
2.754228703338166065e-02 8.027096535647440020e-07
2.805433637951713216e-02 7.320592583774520297e-07
2.857590543374946557e-02 6.676271444092310177e-07
2.910717118066605269e-02 6.088660114254659805e-07
2.964831389524342359e-02 5.552767295887490694e-07
3.019951720402016052e-02 5.064040997711165354e-07
3.076096814740707924e-02 4.618329870186644068e-07
3.133285724315585524e-02 4.211847943259976131e-07
3.191537855100761573e-02 3.841142467685530286e-07
3.250872973854343484e-02 3.503064586770051458e-07
3.311311214825911342e-02 3.194742589421169240e-07
3.372873086588688840e-02 2.913557517309668037e-07
3.435579478998746633e-02 2.657120918950464571e-07
3.499451670283573040e-02 2.423254561743523164e-07
3.564511334262442793e-02 2.209971929646557922e-07
3.630780547701013827e-02 2.015461349318870469e-07
3.698281797802662613e-02 1.838070601407778870e-07
3.767037989839089329e-02 1.676292886264098068e-07
3.837072454922788034e-02 1.528754024877667813e-07
3.908408957924021376e-02 1.394200786315970311e-07
3.981071705534973415e-02 1.271490242517544479e-07
4.055085354483839444e-02 1.159580060018233778e-07
4.130475019901614503e-02 1.057519646146809784e-07
4.207266283844442178e-02 9.644420744843750282e-08
4.285485203974396390e-02 8.795567210011515011e-08
4.365158322401661156e-02 8.021425483207823751e-08
4.446312674691088596e-02 7.315419810676103659e-08
4.528975799036209088e-02 6.671553202730581074e-08
4.613175745603795286e-02 6.084356493961231702e-08
4.698941086052153132e-02 5.548841886888183906e-08
4.786300923226382426e-02 5.060460584456830504e-08
4.875284901033862667e-02 4.615064151496392625e-08
4.965923214503360078e-02 4.208869276938684813e-08
5.058246620031139895e-02 3.838425637480676900e-08
5.152286445817564481e-02 3.500586589718592943e-08
5.248074602497725810e-02 3.192482441806596201e-08
5.345643593969716389e-02 2.911496077604246095e-08
5.445026528424212059e-02 2.655240726259202496e-08
5.546257129579107437e-02 2.421539688395445428e-08
5.649369748123025253e-02 2.208407846696975960e-08
5.754399373371569398e-02 2.014034803833998230e-08
5.861381645140287949e-02 1.836769504501487262e-08
5.970352865838369355e-02 1.675106210946427021e-08
6.081350012787179599e-02 1.527671712856738976e-08
6.194410750767814777e-02 1.393213662969899095e-08
6.309573444801933051e-02 1.270589939321276878e-08
6.426877173170197910e-02 1.158758943772735940e-08
6.546361740672750062e-02 1.056770754414999936e-08
6.668067692136221691e-02 9.637590566902407817e-09
6.792036326171846383e-02 8.789337846960150442e-09
6.918309709189365830e-02 8.015744101640284199e-09
7.046930689671471182e-02 7.310238221087669826e-09
7.177942912713618229e-02 6.666827451582824823e-09
7.311390834834176344e-02 6.080046491550929514e-09
7.447319739059891919e-02 5.544911067881539625e-09
7.585775750291839925e-02 5.056875598224834277e-09
7.726805850957024768e-02 4.611794579637947582e-09
7.870457896950988630e-02 4.205887375606970897e-09
8.016780633876793849e-02 3.835706102337104709e-09
8.165823713585926291e-02 3.498106341529148685e-09
8.317637711026708291e-02 3.190220430869448946e-09
8.472274141405963799e-02 2.909433105356090117e-09
8.629785477669701943e-02 2.653359282552762217e-09
8.790225168308841985e-02 2.419823803072550801e-09
8.953647655495937385e-02 2.206842954202380582e-09
9.120108393559096804e-02 2.012607619725043807e-09
9.289663867799362318e-02 1.835467912809167054e-09
9.462371613657930003e-02 1.673919161434975893e-09
9.638290236239704933e-02 1.526589127312511749e-09
9.817479430199843593e-02 1.392226349726509619e-09
1.000000000000000056e-01 1.269689515297589803e-09
1.018591388054116975e-01 1.157937763363782884e-09
1.037528415818012584e-01 1.056021844633779937e-09
1.056817509213658496e-01 9.630760580112629783e-10
1.076465213629834994e-01 8.783108970995913920e-10
1.096478196143185063e-01 8.010063439243510415e-10
1.116863247780561230e-01 7.305057529089073719e-10
1.137627285823430978e-01 6.662102731518601388e-10
1.158777356155126226e-01 6.075737616277576501e-10
1.180320635651729844e-01 5.540981441024805882e-10
1.202264434617413141e-01 5.053291843576857138e-10
1.224616199265048944e-01 4.608526257869967214e-10
1.247383514242943192e-01 4.202906725896454411e-10
1.270574105208542026e-01 3.832987806718923974e-10
1.294195841449986284e-01 3.495627309973052901e-10
1.318256738556407293e-01 3.187959605261478429e-10
1.342764961137864199e-01 2.907371280721860023e-10
1.367728825595849462e-01 2.651478944006457529e-10
1.393156802945303419e-01 2.418108977108877141e-10
1.419057521689092716e-01 2.205279073070150639e-10
1.445439770745927943e-01 2.011181397731996501e-10
1.472312502432719383e-01 1.834167233508691814e-10
1.499684835502373970e-01 1.672732974737747443e-10
1.527566058238073177e-01 1.525507355650067484e-10
1.555965631605074895e-01 1.391239802470642993e-10
1.584893192461114264e-01 1.268789810709370759e-10
1.614358556826487046e-01 1.157117257409897766e-10
1.644371723214932413e-01 1.055273566066115145e-10
1.674942876026438154e-01 9.623936491587702139e-11
1.706082389003124311e-01 8.776885598699280115e-11
1.737800828749376247e-01 8.004387905569821851e-11
1.770108958317422043e-01 7.299881610616631311e-11
1.803017740859569895e-01 6.657382449396986962e-11
1.836538343348347313e-01 6.071432862660255567e-11
1.870682140365801660e-01 5.537055638375390441e-11
1.905460717963248229e-01 5.049711633956707257e-11
1.940885877592779252e-01 4.605261219569161772e-11
1.976969640111861937e-01 4.199929115002282170e-11
2.013724249862389459e-01 3.830272321427644067e-11
2.051162178825564619e-01 3.493150875643695407e-11
2.089296130854038647e-01 3.185701178386493178e-11
2.128139045982711253e-01 2.905311670150134757e-11
2.167704104819694055e-01 2.649600647884386781e-11
2.208004733018899268e-01 2.416396033976065165e-11
2.249054605835780485e-01 2.203716925634352358e-11
2.290867652767772378e-01 2.009756768312318769e-11
2.333458062281001943e-01 1.832868010355761361e-11
2.376840286624875842e-01 1.671548108472011011e-11
2.421029046736177526e-01 1.524426765056916517e-11
2.466039337234338658e-01 1.390254288892426436e-11
2.511886431509579576e-01 1.267890980289795218e-11
2.558585886905645479e-01 1.156297450475988616e-11
2.606153549998895258e-01 1.054525792973900684e-11
2.654605561975538763e-01 9.617115319771999867e-12
2.703958364108843271e-01 8.770662793298389989e-12
2.754228703338166273e-01 7.998710377451437964e-12
2.805433637951713077e-01 7.294700933919055705e-12
2.857590543374946557e-01 6.652654459824004159e-12
2.910717118066605269e-01 6.067117290628412577e-12
2.964831389524342220e-01 5.533115773696652281e-12
3.019951720402015982e-01 5.046114019110941442e-12
3.076096814740708063e-01 4.601975368949968993e-12
3.133285724315585385e-01 4.196927257808658490e-12
3.191537855100761711e-01 3.827529166126523253e-12
3.250872973854344039e-01 3.490643394147805109e-12
3.311311214825911065e-01 3.183408408282429771e-12
3.372873086588689118e-01 2.903214533476426994e-12
3.435579478998746494e-01 2.647681785118952635e-12
3.499451670283573179e-01 2.414639652179805190e-12
3.564511334262442932e-01 2.202108659840466332e-12
3.630780547701014105e-01 2.008283554993370311e-12
3.698281797802662751e-01 1.831517971766938623e-12
3.767037989839089329e-01 1.670310446804284877e-12
3.837072454922788589e-01 1.523291665488312157e-12
3.908408957924021099e-01 1.389212830762096233e-12
3.981071705534973137e-01 1.266935055729868412e-12
4.055085354483839444e-01 1.155419689921231727e-12
4.130475019901614364e-01 1.053719497033361759e-12
4.207266283844441901e-01 9.609706092000570985e-13
4.285485203974396251e-01 8.763851894340666275e-13
4.365158322401661017e-01 7.992447399059682497e-13
4.446312674691088040e-01 7.288939992102908347e-13
4.528975799036208949e-01 6.647353767738894383e-13
4.613175745603795286e-01 6.062238771255094798e-13
4.698941086052155769e-01 5.528624709076034304e-13
4.786300923226385340e-01 5.041978733072479792e-13
4.875284901033865026e-01 4.598166940446217650e-13
4.965923214503362715e-01 4.193419262143929843e-13
5.058246620031142671e-01 3.824297441543455842e-13
5.152286445817566563e-01 3.487665831410783472e-13
5.248074602497728725e-01 3.180664761069962263e-13
5.345643593969718887e-01 2.900686247563952680e-13
5.445026528424214973e-01 2.645351844497732082e-13
5.546257129579110767e-01 2.412492440415552909e-13
5.649369748123028723e-01 2.200129835125479595e-13
5.754399373371572590e-01 2.006459937488125868e-13
5.861381645140291141e-01 1.829837441960230505e-13
5.970352865838371992e-01 1.668761853745083354e-13
6.081350012787182235e-01 1.521864743857314973e-13
6.194410750767818108e-01 1.387898125856609543e-13
6.309573444801935826e-01 1.265723855532314127e-13
6.426877173170200130e-01 1.154303963509611353e-13
6.546361740672747009e-01 1.052691838671858233e-13
6.668067692136219193e-01 9.600241875199564409e-14
6.792036326171843053e-01 8.755137011800958655e-14
6.918309709189363055e-01 7.984423677811399263e-14
7.046930689671466741e-01 7.281553734043568906e-14
7.177942912713615176e-01 6.640555398067351063e-14
7.311390834834172736e-01 6.055982516779813250e-14
7.447319739059888866e-01 5.522868303487374102e-14
7.585775750291835484e-01 5.036683146591784219e-14
7.726805850957021438e-01 4.593296131550138795e-14
7.870457896950984189e-01 4.188939949314487716e-14
8.016780633876789963e-01 3.820178893216610048e-14
8.165823713585922405e-01 3.483879672492360456e-14
8.317637711026708569e-01 3.177184794560204062e-14
8.472274141405963244e-01 2.897488289984062786e-14
8.629785477669701388e-01 2.642413573945695392e-14
8.790225168308842818e-01 2.409793256196385287e-14
8.953647655495937663e-01 2.197650728005313364e-14
9.120108393559096527e-01 2.004183369713253186e-14
9.289663867799362595e-01 1.827747236263568480e-14
9.462371613657929448e-01 1.666843090634432074e-14
9.638290236239704933e-01 1.520103666543593676e-14
9.817479430199843593e-01 1.386282052237024995e-14
1.000000000000000000e+00 1.264241096693978460e-14
1.018591388054116864e+00 1.152943748264343454e-14
1.037528415818012695e+00 1.051444243673345250e-14
1.056817509213658468e+00 9.588800725509323902e-15
1.076465213629834938e+00 8.744646492298138434e-15
1.096478196143185091e+00 7.974806295632369623e-15
1.116863247780561119e+00 7.272738159919092313e-15
1.137627285823431089e+00 6.632475990858027420e-15
1.158777356155126226e+00 6.048578883431607622e-15
1.180320635651729733e+00 5.516084891845937868e-15
1.202264434617413169e+00 5.030468868700811644e-15
1.224616199265048833e+00 4.587604015230125621e-15
1.247383514242943248e+00 4.183726815976044608e-15
1.270574105208541971e+00 3.815405060008025387e-15
1.294195841449986339e+00 3.479508677015410490e-15
1.318256738556407459e+00 3.173183140512915634e-15
1.342764961137864255e+00 2.893825212204415399e-15
1.367728825595849518e+00 2.639060821437473960e-15
1.393156802945303641e+00 2.406724891817989609e-15
1.419057521689092605e+00 2.194842943594898159e-15
1.445439770745927888e+00 2.001614315509896231e-15
1.472312502432719272e+00 1.825396863564378675e-15
1.499684835502373970e+00 1.664693006702411225e-15
1.527566058238073232e+00 1.518137000850781162e-15
1.555965631605074950e+00 1.384483333192503674e-15
1.584893192461114042e+00 1.262596138066941860e-15
1.614358556826486879e+00 1.151439544568977557e-15
1.644371723214932413e+00 1.050068873834980956e-15
1.674942876026438210e+00 9.576226112220489736e-16
1.706082389003124256e+00 8.733150851703136462e-16
1.737800828749376247e+00 7.964297905420406700e-16
1.770108958317422099e+00 7.263132997067210991e-16
1.803017740859570006e+00 6.623697096348891466e-16
1.836538343348347313e+00 6.040555778174535097e-16
1.870682140365801605e+00 5.508753039805160500e-16
1.905460717963248340e+00 5.023769183533101050e-16
1.940885877592779307e+00 4.581482407011276224e-16
1.976969640111861937e+00 4.178133774853605287e-16
2.013724249862389293e+00 3.810295273856993670e-16
2.051162178825566951e+00 3.474840680396005663e-16
2.089296130854040978e+00 3.168918992435966397e-16
2.128139045982713196e+00 2.889930200401155362e-16
2.167704104819693889e+00 2.635503191008270583e-16
2.208004733018899213e+00 2.403475596298844061e-16
2.249054605835780318e+00 2.191875416633223075e-16
2.290867652767772267e+00 1.998904261481909942e-16
2.333458062281001943e+00 1.822922065597366420e-16
2.376840286624875898e+00 1.662433150685797068e-16
2.421029046736177470e+00 1.516073514131824563e-16
2.466039337234338547e+00 1.382599236755702008e-16
2.511886431509579687e+00 1.260875911091732746e-16
2.558585886905645257e+00 1.149869000348497172e-16
2.606153549998895258e+00 1.048635046120056560e-16
2.654605561975539096e+00 9.563136501297673836e-17
2.703958364108843160e+00 8.721201618658074580e-17
2.754228703338166273e+00 7.953390099660866508e-17
2.805433637951713077e+00 7.253176206806819243e-17
2.857590543374946446e+00 6.614608717288425828e-17
2.910717118066604936e+00 6.032260344174148239e-17
2.964831389524342331e+00 5.501181610367289536e-17
3.019951720402016093e+00 5.016858783340171902e-17
3.076096814740707952e+00 4.575175513152965903e-17
3.133285724315585608e+00 4.172377847737608736e-17
3.191537855100761600e+00 3.805042328127828903e-17
3.250872973854343595e+00 3.470046892490367978e-17
3.311311214825911176e+00 3.164544341682403062e-17
3.372873086588688896e+00 2.885938140828889362e-17
3.435579478998746605e+00 2.631860351265648296e-17
3.499451670283573179e+00 2.400151505298921078e-17
3.564511334262442599e+00 2.188842252742741214e-17
3.630780547701013994e+00 1.996136623252992247e-17
3.698281797802662751e+00 1.820396762208787546e-17
3.767037989839089107e+00 1.660129010414738259e-17
3.837072454922788367e+00 1.513971209318255503e-17
3.908408957924021099e+00 1.380681123851144643e-17
3.981071705534973137e+00 1.259125884502983148e-17
4.055085354483838778e+00 1.148272358895868703e-17
4.130475019901614253e+00 1.047178371029649953e-17
4.207266283844441901e+00 9.549846935708161317e-18
4.285485203974396029e+00 8.709077451281217319e-18
4.365158322401661017e+00 7.942329304495059526e-18
4.446312674691088596e+00 7.243085669389270052e-18
4.528975799036208727e+00 6.605403458746932788e-18
4.613175745603795619e+00 6.023862812552600731e-18
4.698941086052156102e+00 5.493521033426766597e-18
4.786300923226384896e+00 5.009870577533083491e-18
4.875284901033865026e+00 4.568800743921520816e-18
4.965923214503362715e+00 4.166562736703265577e-18
5.058246620031142449e+00 3.799737803118477099e-18
5.152286445817567007e+00 3.465208176699935697e-18
5.248074602497728058e+00 3.160130578575914478e-18
5.345643593969719554e+00 2.881912051697126946e-18
5.445026528424214085e+00 2.628187922600162028e-18
5.546257129579109879e+00 2.396801703401616686e-18
5.649369748123028501e+00 2.185786763207346811e-18
5.754399373371572146e+00 1.993349613159403752e-18
5.861381645140290253e+00 1.817854663057694361e-18
5.970352865838371770e+00 1.657810320000393983e-18
6.081350012787182457e+00 1.511856310892989292e-18
6.194410750767818108e+00 1.378752121077681702e-18
6.309573444801936049e+00 1.257366450820785232e-18
6.426877173170200130e+00 1.146667600046741489e-18
6.546361740672753449e+00 1.045714699596579554e-18
6.668067692136225411e+00 9.536497144833899604e-19
6.792036326171849936e+00 8.696901511787086036e-19
6.918309709189363055e+00 7.931224069473440195e-19
7.046930689671467185e+00 7.232957047050554007e-19
7.177942912713614732e+00 6.596165618500106256e-19
7.311390834834172736e+00 6.015437460571566351e-19
7.447319739059888200e+00 5.485836751635708950e-19
7.585775750291835706e+00 5.002862220471796272e-19
7.726805850957020994e+00 4.562408888433993632e-19
7.870457896950984633e+00 4.160733179833122793e-19
8.016780633876789963e+00 3.794421103997220407e-19
8.165823713585922405e+00 3.460359238581213412e-19
8.317637711026709013e+00 3.155708267504449672e-19
8.472274141405963022e+00 2.877878848607344665e-19
8.629785477669701166e+00 2.624509605919076141e-19
8.790225168308841930e+00 2.393447059486046028e-19
8.953647655495936775e+00 2.182727322178571810e-19
9.120108393559096527e+00 1.990559407911257485e-19
9.289663867799362151e+00 1.815310009408438768e-19
9.462371613657929004e+00 1.655489616136044684e-19
9.638290236239704711e+00 1.509739854411779361e-19
9.817479430199844259e+00 1.376821942093086088e-19
1.000000000000000000e+01 1.255606159715523893e-19
