1.000000000000000021e-03 1.000000000000000000e+00
1.018591388054116949e-03 1.000000000000000000e+00
1.037528415818012636e-03 9.999999999836627351e-01
1.056817509213658478e-03 9.999999994335957432e-01
1.076465213629834933e-03 9.999999961125407566e-01
1.096478196143185150e-03 9.999999854308867508e-01
1.116863247780561100e-03 9.999999603282611060e-01
1.137627285823430891e-03 9.999999113637755288e-01
1.158777356155126165e-03 9.999998269139175333e-01
1.180320635651729714e-03 9.999996934274046900e-01
1.202264434617413003e-03 9.999994957070748036e-01
1.224616199265048892e-03 9.999992171999304569e-01
1.247383514242943279e-03 9.999988402831057055e-01
1.270574105208541974e-03 9.999983465378212699e-01
1.294195841449986232e-03 9.999977170062980258e-01
1.318256738556407509e-03 9.999969324286083205e-01
1.342764961137864156e-03 9.999959734578676152e-01
1.367728825595849410e-03 9.999948208531691529e-01
1.393156802945303557e-03 9.999934556503770056e-01
1.419057521689092577e-03 9.999918593113891196e-01
1.445439770745927987e-03 9.999900138528231563e-01
1.472312502432719271e-03 9.999879019552964099e-01
1.499684835502374143e-03 9.999855070546163072e-01
1.527566058238073168e-03 9.999828134162638271e-01
1.555965631605074964e-03 9.999798061945796013e-01
1.584893192461114082e-03 9.999764714780556840e-01
1.614358556826487028e-03 9.999727963220949034e-01
1.644371723214932326e-03 9.999687687705535177e-01
1.674942876026438250e-03 9.999643778673127370e-01
1.706082389003124242e-03 9.999596136590521711e-01
1.737800828749376265e-03 9.999544671903267679e-01
1.770108958317422000e-03 9.999489304919583210e-01
1.803017740859569947e-03 9.999429965636842388e-01
1.836538343348347339e-03 9.999366593519206647e-01
1.870682140365801695e-03 9.999299137234243240e-01
1.905460717963248195e-03 9.999227554355648584e-01
1.940885877592779312e-03 9.999151811038460291e-01
1.976969640111860081e-03 9.999071881672582096e-01
2.013724249862387447e-03 9.998987748519719831e-01
2.051162178825564637e-03 9.998899401338354753e-01
2.089296130854038577e-03 9.998806837000790981e-01
2.128139045982711374e-03 9.998710059105863079e-01
2.167704104819694055e-03 9.998609077590421279e-01
2.208004733018899008e-03 9.998503908342327717e-01
2.249054605835780311e-03 9.998394572817278503e-01
2.290867652767772378e-03 9.998281097661501082e-01
2.333458062281002030e-03 9.998163514341983360e-01
2.376840286624876033e-03 9.998041858785690073e-01
2.421029046736177751e-03 9.997916171028926602e-01
2.466039337234338710e-03 9.997786494877810570e-01
2.511886431509579437e-03 9.997652877580608388e-01
2.558585886905645219e-03 9.997515369512502970e-01
2.606153549998894894e-03 9.997374023873231152e-01
2.654605561975539006e-03 9.997228896397872822e-01
2.703958364108843566e-03 9.997080045080947164e-01
2.754228703338165978e-03 9.996927529913893773e-01
2.805433637951713129e-03 9.996771412635884202e-01
2.857590543374946730e-03 9.996611756497888468e-01
2.910717118066605269e-03 9.996448626039773355e-01
2.964831389524342272e-03 9.996282086880251549e-01
3.019951720402016138e-03 9.996112205519355198e-01
3.076096814740708011e-03 9.995939049153143019e-01
3.133285724315585784e-03 9.995762685500272360e-01
3.191537855100761399e-03 9.995583182640067621e-01
3.250872973854343657e-03 9.995400608861678693e-01
3.311311214825910908e-03 9.995215032523918630e-01
3.372873086588689100e-03 9.995026521925374219e-01
3.435579478998746286e-03 9.994835145184325365e-01
3.499451670283573214e-03 9.994640970128076951e-01
3.564511334262442620e-03 9.994444064191250199e-01
3.630780547701014001e-03 9.994244494322612749e-01
3.698281797802662786e-03 9.994042326900021145e-01
3.767037989839089156e-03 9.993837627653051614e-01
3.837072454922788207e-03 9.993630461592936109e-01
3.908408957924020856e-03 9.993420892949360645e-01
3.981071705534973415e-03 9.993208985113772869e-01
4.055085354483838923e-03 9.992994800588818061e-01
4.130475019901614850e-03 9.992778400943513883e-01
4.207266283844442178e-03 9.992559846773840793e-01
4.285485203974396737e-03 9.992339197668393957e-01
4.365158322401660983e-03 9.992116512178771393e-01
4.446312674691088596e-03 9.991891847794381887e-01
4.528975799036208914e-03 9.991665260921395175e-01
4.613175745603795459e-03 9.991436806865514608e-01
4.698941086052155734e-03 9.991206539818333621e-01
4.786300923226385375e-03 9.990974512846996225e-01
4.875284901033865269e-03 9.990740777886916169e-01
4.965923214503362680e-03 9.990505385737342703e-01
5.058246620031137293e-03 9.990268386059524275e-01
5.152286445817561532e-03 9.990029827377291394e-01
5.248074602497722861e-03 9.989789757079861054e-01
5.345643593969713440e-03 9.989548221426683972e-01
5.445026528424209283e-03 9.989305265554219160e-01
5.546257129579105008e-03 9.989060933484541493e-01
5.649369748123022304e-03 9.988815268135834424e-01
5.754399373371566623e-03 9.988568311335199734e-01
5.861381645140284653e-03 9.988320103835414132e-01
5.970352865838366233e-03 9.988070685342601562e-01
6.081350012787175956e-03 9.987820094594956899e-01
6.194410750767811655e-03 9.987568369991427497e-01
6.309573444801930275e-03 9.987315543616855917e-01
6.426877173170193573e-03 9.987061655032728469e-01
6.546361740672746767e-03 9.986806741319792513e-01
6.668067692136218742e-03 9.986550831444678256e-01
6.792036326171843434e-03 9.986293959582679403e-01
6.918309709189362708e-03 9.986036157434361460e-01
7.046930689671467365e-03 9.985777455784742296e-01
7.177942912713615280e-03 9.985517884587667981e-01
7.311390834834172354e-03 9.985257472727542272e-01
7.447319739059888796e-03 9.984996248419861775e-01
7.585775750291835935e-03 9.984734238978942855e-01
7.726805850957021646e-03 9.984471470900074808e-01
7.870457896950984814e-03 9.984207969879257405e-01
8.016780633876788992e-03 9.983943760833519088e-01
8.165823713585922128e-03 9.983678867807627144e-01
8.317637711026708985e-03 9.983413314448339460e-01
8.472274141405963452e-03 9.983147123393826261e-01
8.629785477669701596e-03 9.982880316872999593e-01
8.790225168308843026e-03 9.982612914130293280e-01
8.953647655495937385e-03 9.982344935989014845e-01
9.120108393559096804e-03 9.982076407878623936e-01
9.289663867799363706e-03 9.981807344955232475e-01
9.462371613657928962e-03 9.981537764934086399e-01
9.638290236239705627e-03 9.981267687129931065e-01
9.817479430199843246e-03 9.980997129077787688e-01
1.000000000000000021e-02 9.980726107810261594e-01
1.018591388054116906e-02 9.980454639622261537e-01
1.037528415818012723e-02 9.980182740460397106e-01
1.056817509213658565e-02 9.979910425691176368e-01
1.076465213629834890e-02 9.979637710028963493e-01
1.096478196143185063e-02 9.979364608118993507e-01
1.116863247780561230e-02 9.979091133733788421e-01
1.137627285823430978e-02 9.978817300313341798e-01
1.158777356155126122e-02 9.978543120851721682e-01
1.180320635651729844e-02 9.978268607910625310e-01
1.202264434617413176e-02 9.977993773632591878e-01
1.224616199265048978e-02 9.977718629753915547e-01
1.247383514242943192e-02 9.977443187611050313e-01
1.270574105208541887e-02 9.977167458183664461e-01
1.294195841449986319e-02 9.976891452044998054e-01
1.318256738556407466e-02 9.976615179435059932e-01
1.342764961137864199e-02 9.976338650241168837e-01
1.367728825595849497e-02 9.976061874015124120e-01
1.393156802945303557e-02 9.975784859983922725e-01
1.419057521689092577e-02 9.975507617124750315e-01
1.445439770745927249e-02 9.975230153920529030e-01
1.472312502432718620e-02 9.974952478747419748e-01
1.499684835502373276e-02 9.974674599634774097e-01
1.527566058238072344e-02 9.974396524180002555e-01
1.555965631605074270e-02 9.974118260153871374e-01
1.584893192461113431e-02 9.973839814651448421e-01
1.614358556826486074e-02 9.973561194651593409e-01
1.644371723214931372e-02 9.973282406891960106e-01
1.674942876026437252e-02 9.973003457876989941e-01
1.706082389003123548e-02 9.972724353885646931e-01
1.737800828749375484e-02 9.972445100978936106e-01
1.770108958317421002e-02 9.972165705007178804e-01
1.803017740859568993e-02 9.971886171617074801e-01
1.836538343348346342e-02 9.971606506258537950e-01
1.870682140365800480e-02 9.971326714191328655e-01
1.905460717963247327e-02 9.971046800491483175e-01
1.940885877592778141e-02 9.970766770057526429e-01
1.976969640111861035e-02 9.970486627616523823e-01
2.013724249862388488e-02 9.970206377795211017e-01
2.051162178825565591e-02 9.969926024868381864e-01
2.089296130854039618e-02 9.969645573145636819e-01
2.128139045982712155e-02 9.969365026725015566e-01
2.167704104819695096e-02 9.969084389560951553e-01
2.208004733018900309e-02 9.968803665203712638e-01
2.249054605835781526e-02 9.968522857848374219e-01
2.290867652767773419e-02 9.968241970766256177e-01
2.333458062281003331e-02 9.967961007430843345e-01
2.376840286624877160e-02 9.967679971078684531e-01
2.421029046736178705e-02 9.967398864932263125e-01
2.466039337234339837e-02 9.967117692064838552e-01
2.511886431509580825e-02 9.966836455440777343e-01
2.558585886905645132e-02 9.966555157919346764e-01
2.606153549998894980e-02 9.966273802258368564e-01
2.654605561975538833e-02 9.965992391117765026e-01
2.703958364108843479e-02 9.965710927062979563e-01
2.754228703338166065e-02 9.965429412568288514e-01
2.805433637951713216e-02 9.965147850083089232e-01
2.857590543374946557e-02 9.964866241785612644e-01
2.910717118066605269e-02 9.964584589956864136e-01
2.964831389524342359e-02 9.964302896737470272e-01
3.019951720402016052e-02 9.964021164192187197e-01
3.076096814740707924e-02 9.963739394312820519e-01
3.133285724315585524e-02 9.963457588756655658e-01
3.191537855100761573e-02 9.963175749876973519e-01
3.250872973854343484e-02 9.962893879197484148e-01
3.311311214825911342e-02 9.962611978482962538e-01
3.372873086588688840e-02 9.962330049325879289e-01
3.435579478998746633e-02 9.962048093361759449e-01
3.499451670283573040e-02 9.961766112133044748e-01
3.564511334262442793e-02 9.961484107126948873e-01
3.630780547701013827e-02 9.961202079777405904e-01
3.698281797802662613e-02 9.960920031466971025e-01
3.767037989839089329e-02 9.960637963528652383e-01
3.837072454922788034e-02 9.960355877247673018e-01
3.908408957924021376e-02 9.960073773863192814e-01
3.981071705534973415e-02 9.959791654633455282e-01
4.055085354483839444e-02 9.959509520586584674e-01
4.130475019901614503e-02 9.959227372894802199e-01
4.207266283844442178e-02 9.958945212629054522e-01
4.285485203974396390e-02 9.958663040822293144e-01
4.365158322401661156e-02 9.958380858471127528e-01
4.446312674691088596e-02 9.958098666270829291e-01
4.528975799036209088e-02 9.957816465645321635e-01
4.613175745603795286e-02 9.957534257268721989e-01
4.698941086052153132e-02 9.957252041935210629e-01
4.786300923226382426e-02 9.956969820512276970e-01
4.875284901033862667e-02 9.956687593798227986e-01
4.965923214503360078e-02 9.956405362562613659e-01
5.058246620031139895e-02 9.956123127547249485e-01
5.152286445817564481e-02 9.955840889467223453e-01
5.248074602497725810e-02 9.955558649011855277e-01
5.345643593969716389e-02 9.955276406163513503e-01
5.445026528424212059e-02 9.954994163609058866e-01
5.546257129579107437e-02 9.954711919919650986e-01
5.649369748123025253e-02 9.954429676436601371e-01
5.754399373371569398e-02 9.954147433609304985e-01
5.861381645140287949e-02 9.953865192052774313e-01
5.970352865838369355e-02 9.953582952300530362e-01
6.081350012787179599e-02 9.953300714867344690e-01
6.194410750767814777e-02 9.953018480250269695e-01
6.309573444801933051e-02 9.952736248658802243e-01
6.426877173170197910e-02 9.952454021054454314e-01
6.546361740672750062e-02 9.952171797666580222e-01
6.668067692136221691e-02 9.951889578856688567e-01
6.792036326171846383e-02 9.951607365074642830e-01
6.918309709189365830e-02 9.951325156717246712e-01
7.046930689671471182e-02 9.951042954166950949e-01
7.177942912713618229e-02 9.950760757792365130e-01
7.311390834834176344e-02 9.950478567948743969e-01
7.447319739059891919e-02 9.950196384978519104e-01
7.585775750291839925e-02 9.949914208547127048e-01
7.726805850957024768e-02 9.949632040966466251e-01
7.870457896950988630e-02 9.949349880549399616e-01
8.016780633876793849e-02 9.949067728320548643e-01
8.165823713585926291e-02 9.948785584439689966e-01
8.317637711026708291e-02 9.948503449243591978e-01
8.472274141405963799e-02 9.948221322997337079e-01
8.629785477669701943e-02 9.947939205957010422e-01
8.790225168308841985e-02 9.947657098370349393e-01
8.953647655495937385e-02 9.947375000200853190e-01
9.120108393559096804e-02 9.947092912184049007e-01
9.289663867799362318e-02 9.946810834326100803e-01
9.462371613657930003e-02 9.946528766772657626e-01
9.638290236239704933e-02 9.946246709764907656e-01
9.817479430199843593e-02 9.945964663499405889e-01
1.000000000000000056e-01 9.945682628165583017e-01
1.018591388054116975e-01 9.945400603945988571e-01
1.037528415818012584e-01 9.945118591016490761e-01
1.056817509213658496e-01 9.944836589546648398e-01
1.076465213629834994e-01 9.944554599050672294e-01
1.096478196143185063e-01 9.944272621633505338e-01
1.116863247780561230e-01 9.943990655499469478e-01
1.137627285823430978e-01 9.943708701509014203e-01
1.158777356155126226e-01 9.943426759677229665e-01
1.180320635651729844e-01 9.943144830202510498e-01
1.202264434617413141e-01 9.942862913216361509e-01
1.224616199265048944e-01 9.942581008846039792e-01
1.247383514242943192e-01 9.942299117215427362e-01
1.270574105208542026e-01 9.942017238161546810e-01
1.294195841449986284e-01 9.941735372313240671e-01
1.318256738556407293e-01 9.941453519563764329e-01
1.342764961137864199e-01 9.941171679951374962e-01
1.367728825595849462e-01 9.940889853613145144e-01
1.393156802945303419e-01 9.940608040646007337e-01
1.419057521689092716e-01 9.940326241143387920e-01
1.445439770745927943e-01 9.940044455195222728e-01
1.472312502432719383e-01 9.939762682888280132e-01
1.499684835502373970e-01 9.939480924306026699e-01
1.527566058238073177e-01 9.939199179529017991e-01
1.555965631605074895e-01 9.938917448634914109e-01
1.584893192461114264e-01 9.938635731698397535e-01
1.614358556826487046e-01 9.938354028857210309e-01
1.644371723214932413e-01 9.938072340053981657e-01
1.674942876026438154e-01 9.937790665418618774e-01
1.706082389003124311e-01 9.937509005016073038e-01
1.737800828749376247e-01 9.937227358910074582e-01
1.770108958317422043e-01 9.936945727162684872e-01
1.803017740859569895e-01 9.936664109836190750e-01
1.836538343348347313e-01 9.936382506635753620e-01
1.870682140365801660e-01 9.936100918273628180e-01
1.905460717963248229e-01 9.935819344442202716e-01
1.940885877592779252e-01 9.935537785226558061e-01
1.976969640111861937e-01 9.935256240674185113e-01
2.013724249862389459e-01 9.934974710830745126e-01
2.051162178825564619e-01 9.934693195740219585e-01
2.089296130854038647e-01 9.934411695445077850e-01
2.128139045982711253e-01 9.934130209986142823e-01
2.167704104819694055e-01 9.933848739402735273e-01
2.208004733018899268e-01 9.933567283732757103e-01
2.249054605835780485e-01 9.933285843075970734e-01
2.290867652767772378e-01 9.933004417344388770e-01
2.333458062281001943e-01 9.932723006633690233e-01
2.376840286624875842e-01 9.932441610976548985e-01
2.421029046736177526e-01 9.932160230405452372e-01
2.466039337234338658e-01 9.931878864952055075e-01
2.511886431509579576e-01 9.931597514648341507e-01
2.558585886905645479e-01 9.931316179527578392e-01
2.606153549998895258e-01 9.931034859286419492e-01
2.654605561975538763e-01 9.930753554527818050e-01
2.703958364108843271e-01 9.930472265014167466e-01
2.754228703338166273e-01 9.930190990769101056e-01
2.805433637951713077e-01 9.929909731815700358e-01
2.857590543374946557e-01 9.929628488175802348e-01
2.910717118066605269e-01 9.929347259870607845e-01
2.964831389524342220e-01 9.929066046920755895e-01
3.019951720402015982e-01 9.928784848660257012e-01
3.076096814740708063e-01 9.928503667164109148e-01
3.133285724315585385e-01 9.928222500394822125e-01
3.191537855100761711e-01 9.927941349118398762e-01
3.250872973854344039e-01 9.927660213228574060e-01
3.311311214825911065e-01 9.927379092802962601e-01
3.372873086588689118e-01 9.927097987858003458e-01
3.435579478998746494e-01 9.926816898409127621e-01
3.499451670283573179e-01 9.926535824473075031e-01
3.564511334262442932e-01 9.926254766066415769e-01
3.630780547701014105e-01 9.925973723209273736e-01
3.698281797802662751e-01 9.925692695566110668e-01
3.767037989839089329e-01 9.925411683754395975e-01
3.837072454922788589e-01 9.925130687511121153e-01
3.908408957924021099e-01 9.924849706847608255e-01
3.981071705534973137e-01 9.924568741774443259e-01
4.055085354483839444e-01 9.924287792302030065e-01
4.130475019901614364e-01 9.924006858439972101e-01
4.207266283844441901e-01 9.923725940197966056e-01
4.285485203974396251e-01 9.923445036918030482e-01
4.365158322401661017e-01 9.923164150610258583e-01
4.446312674691088040e-01 9.922883279282118663e-01
4.528975799036208949e-01 9.922602423671911254e-01
4.613175745603795286e-01 9.922321583664310829e-01
4.698941086052155769e-01 9.922040759328385473e-01
4.786300923226385340e-01 9.921759950671921180e-01
4.875284901033865026e-01 9.921479157702347562e-01
4.965923214503362715e-01 9.921198380428584152e-01
5.058246620031142671e-01 9.920917618860901621e-01
5.152286445817566563e-01 9.920636873012129708e-01
5.248074602497728725e-01 9.920356142521397080e-01
5.345643593969718887e-01 9.920075428028971576e-01
5.445026528424214973e-01 9.919794729252878751e-01
5.546257129579110767e-01 9.919514046197595025e-01
5.649369748123028723e-01 9.919233378868200779e-01
5.754399373371572590e-01 9.918952727268851577e-01
5.861381645140291141e-01 9.918672091404562297e-01
5.970352865838371992e-01 9.918391471278004135e-01
6.081350012787182235e-01 9.918110866243324830e-01
6.194410750767818108e-01 9.917830278257164789e-01
6.309573444801935826e-01 9.917549705369322899e-01
6.426877173170200130e-01 9.917269148299421300e-01
6.546361740672747009e-01 9.916988606925319916e-01
6.668067692136219193e-01 9.916708081314713485e-01
6.792036326171843053e-01 9.916427571467696378e-01
6.918309709189363055e-01 9.916147077389672049e-01
7.046930689671466741e-01 9.915866599086686772e-01
7.177942912713615176e-01 9.915586136564052966e-01
7.311390834834172736e-01 9.915305689833832092e-01
7.447319739059888866e-01 9.915025258509170270e-01
7.585775750291835484e-01 9.914744843260243634e-01
7.726805850957021438e-01 9.914464443788157944e-01
7.870457896950984189e-01 9.914184060094626272e-01
8.016780633876789963e-01 9.913903692181286198e-01
8.165823713585922405e-01 9.913623340048741683e-01
8.317637711026708569e-01 9.913343003699892630e-01
8.472274141405963244e-01 9.913062683136135700e-01
8.629785477669701388e-01 9.912782378356477242e-01
8.790225168308842818e-01 9.912502089365337055e-01
8.953647655495937663e-01 9.912221816162382071e-01
9.120108393559096527e-01 9.911941558814512110e-01
9.289663867799362595e-01 9.911661317194718768e-01
9.462371613657929448e-01 9.911381091369935170e-01
9.638290236239704933e-01 9.911100881339883761e-01
9.817479430199843593e-01 9.910820687106786098e-01
1.000000000000000000e+00 9.910540508675665938e-01
1.018591388054116864e+00 9.910260346048979097e-01
1.037528415818012695e+00 9.909980199128840539e-01
1.056817509213658468e+00 9.909700067833918657e-01
1.076465213629834938e+00 9.909419952539055831e-01
1.096478196143185091e+00 9.909139853037415291e-01
1.116863247780561119e+00 9.908859769330521372e-01
1.137627285823431089e+00 9.908579701418680497e-01
1.158777356155126226e+00 9.908299649299640022e-01
1.180320635651729733e+00 9.908019612976650681e-01
1.202264434617413169e+00 9.907739592445160559e-01
1.224616199265048833e+00 9.907459587711523463e-01
1.247383514242943248e+00 9.907179598772012374e-01
1.270574105208541971e+00 9.906899625689301603e-01
1.294195841449986339e+00 9.906619668341347662e-01
1.318256738556407459e+00 9.906339726786641542e-01
1.342764961137864255e+00 9.906059801033502143e-01
1.367728825595849518e+00 9.905779891073271948e-01
1.393156802945303641e+00 9.905499996915611005e-01
1.419057521689092605e+00 9.905220118556835596e-01
1.445439770745927888e+00 9.904940256004221011e-01
1.472312502432719272e+00 9.904660409154609768e-01
1.499684835502373970e+00 9.904380577912847983e-01
1.527566058238073232e+00 9.904100762679892700e-01
1.555965631605074950e+00 9.903820963240238529e-01
1.584893192461114042e+00 9.903541179584955945e-01
1.614358556826486879e+00 9.903261411720646334e-01
1.644371723214932413e+00 9.902981659642280388e-01
1.674942876026438210e+00 9.902701923352598135e-01
1.706082389003124256e+00 9.902422202846208332e-01
1.737800828749376247e+00 9.902142498135165782e-01
1.770108958317422099e+00 9.901862809199246662e-01
1.803017740859570006e+00 9.901583136116531847e-01
1.836538343348347313e+00 9.901303478755522081e-01
1.870682140365801605e+00 9.901023837183093868e-01
1.905460717963248340e+00 9.900744211394648664e-01
1.940885877592779307e+00 9.900464601391034680e-01
1.976969640111861937e+00 9.900185007174274743e-01
2.013724249862389293e+00 9.899905428753014158e-01
2.051162178825566951e+00 9.899625866113830330e-01
2.089296130854040978e+00 9.899346319169812780e-01
2.128139045982713196e+00 9.899066787803252332e-01
2.167704104819693889e+00 9.898787272444796725e-01
2.208004733018899213e+00 9.898507772861561138e-01
2.249054605835780318e+00 9.898228289050206019e-01
2.290867652767772267e+00 9.897948821010184028e-01
2.333458062281001943e+00 9.897669368750586782e-01
2.376840286624875898e+00 9.897389932254742062e-01
2.421029046736177470e+00 9.897110510857202170e-01
2.466039337234338547e+00 9.896831106567962610e-01
2.511886431509579687e+00 9.896551717387743752e-01
2.558585886905645257e+00 9.896272344020757838e-01
2.606153549998895258e+00 9.895992986372561528e-01
2.654605561975539096e+00 9.895713644494270600e-01
2.703958364108843160e+00 9.895434318369676907e-01
2.754228703338166273e+00 9.895155008026522703e-01
2.805433637951713077e+00 9.894875713441450005e-01
2.857590543374946446e+00 9.894596434638180948e-01
2.910717118066604936e+00 9.894317171605410133e-01
2.964831389524342331e+00 9.894037924252281346e-01
3.019951720402016093e+00 9.893758692416666500e-01
3.076096814740707952e+00 9.893479476590006927e-01
3.133285724315585608e+00 9.893200276520152103e-01
3.191537855100761600e+00 9.892921092205462230e-01
3.250872973854343595e+00 9.892641923647729207e-01
3.311311214825911176e+00 9.892362770835722019e-01
3.372873086588688896e+00 9.892083633783229635e-01
3.435579478998746605e+00 9.891804511810893263e-01
3.499451670283573179e+00 9.891525406893683092e-01
3.564511334262442599e+00 9.891246317084715356e-01
3.630780547701013994e+00 9.890967243068831127e-01
3.698281797802662751e+00 9.890688184759056645e-01
3.767037989839089107e+00 9.890409142184660718e-01
3.837072454922788367e+00 9.890130115361936980e-01
3.908408957924021099e+00 9.889851104262046277e-01
3.981071705534973137e+00 9.889572108910860138e-01
4.055085354483838778e+00 9.889293129315396280e-01
4.130475019901614253e+00 9.889014165418936742e-01
4.207266283844441901e+00 9.888735217296026336e-01
4.285485203974396029e+00 9.888456284611498726e-01
4.365158322401661017e+00 9.888177367917725391e-01
4.446312674691088596e+00 9.887898466978579659e-01
4.528975799036208727e+00 9.887619581712600025e-01
4.613175745603795619e+00 9.887340712208654292e-01
4.698941086052156102e+00 9.887061858435228778e-01
4.786300923226384896e+00 9.886783020396686661e-01
4.875284901033865026e+00 9.886504197441909891e-01
4.965923214503362715e+00 9.886225391494143366e-01
5.058246620031142449e+00 9.885946600598369827e-01
5.152286445817567007e+00 9.885667825520854102e-01
5.248074602497728058e+00 9.885389066106364808e-01
5.345643593969719554e+00 9.885110322426698959e-01
5.445026528424214085e+00 9.884831594437145652e-01
5.546257129579109879e+00 9.884552882172290555e-01
5.649369748123028501e+00 9.884274185645661737e-01
5.754399373371572146e+00 9.883995504840566992e-01
5.861381645140290253e+00 9.883716839652383346e-01
5.970352865838371770e+00 9.883438190207458618e-01
6.081350012787182457e+00 9.883159556249584421e-01
6.194410750767818108e+00 9.882880938254270387e-01
6.309573444801936049e+00 9.882602335963126539e-01
6.426877173170200130e+00 9.882323749362854626e-01
6.546361740672753449e+00 9.882045178485894255e-01
6.668067692136225411e+00 9.881766623252012938e-01
6.792036326171849936e+00 9.881488083776032161e-01
6.918309709189363055e+00 9.881209559996676495e-01
7.046930689671467185e+00 9.880931051929952025e-01
7.177942912713614732e+00 9.880652559567599802e-01
7.311390834834172736e+00 9.880374082943976788e-01
7.447319739059888200e+00 9.880095621923149496e-01
7.585775750291835706e+00 9.879817176653112876e-01
7.726805850957020994e+00 9.879538747071769933e-01
7.870457896950984633e+00 9.879260333135806427e-01
8.016780633876789963e+00 9.878981935010637816e-01
8.165823713585922405e+00 9.878703552390893927e-01
8.317637711026709013e+00 9.878425185723508362e-01
8.472274141405963022e+00 9.878146834535489473e-01
8.629785477669701166e+00 9.877868498811873677e-01
8.790225168308841930e+00 9.877590178954419597e-01
8.953647655495936775e+00 9.877311874906395950e-01
9.120108393559096527e+00 9.877033586434383894e-01
9.289663867799362151e+00 9.876755313683868165e-01
9.462371613657929004e+00 9.876477056607192440e-01
9.638290236239704711e+00 9.876198815301432399e-01
9.817479430199844259e+00 9.875920589533319083e-01
1.000000000000000000e+01 9.875642379477792554e-01
