1.000000000000000021e-03 0.000000000000000000e+00
1.018591388054116949e-03 0.000000000000000000e+00
1.037528415818012636e-03 1.633723084388832549e-11
1.056817509213658478e-03 5.664042651233575515e-10
1.076465213629834933e-03 3.887459343174682476e-09
1.096478196143185150e-03 1.456911323638638737e-08
1.116863247780561100e-03 3.967173893830413083e-08
1.137627285823430891e-03 8.863622448505436254e-08
1.158777356155126165e-03 1.730860824526146744e-07
1.180320635651729714e-03 3.065725952929359835e-07
1.202264434617413003e-03 5.042929251491629724e-07
1.224616199265048892e-03 7.828000694924062792e-07
1.247383514242943279e-03 1.159716894330004639e-06
1.270574105208541974e-03 1.653462178724397132e-06
1.294195841449986232e-03 2.282993701990383442e-06
1.318256738556407509e-03 3.067571391645609097e-06
1.342764961137864156e-03 4.026542132267293377e-06
1.367728825595849410e-03 5.179146830732248905e-06
1.393156802945303557e-03 6.544349622991261455e-06
1.419057521689092577e-03 8.140688610775744769e-06
1.445439770745927987e-03 9.986147176820734284e-06
1.472312502432719271e-03 1.209804470362945654e-05
1.499684835502374143e-03 1.449294538369213493e-05
1.527566058238073168e-03 1.718658373624232447e-05
1.555965631605074964e-03 2.019380542041246382e-05
1.584893192461114082e-03 2.352852194438162487e-05
1.614358556826487028e-03 2.720367790513726836e-05
1.644371723214932326e-03 3.123122944639034027e-05
1.674942876026438250e-03 3.562213268731535072e-05
1.706082389003124242e-03 4.038634094777148300e-05
1.737800828749376265e-03 4.553280967317013453e-05
1.770108958317422000e-03 5.106950804165114239e-05
1.803017740859569947e-03 5.700343631580578766e-05
1.836538343348347339e-03 6.334064807942196905e-05
1.870682140365801695e-03 7.008627657558016630e-05
1.905460717963248195e-03 7.724456443516414283e-05
1.940885877592779312e-03 8.481889615397744154e-05
1.976969640111860081e-03 9.281183274182471844e-05
2.013724249862387447e-03 1.012251480279958472e-04
2.051162178825564637e-03 1.100598661644611572e-04
2.089296130854038577e-03 1.193162999208232647e-04
2.128139045982711374e-03 1.289940894136904870e-04
2.167704104819694055e-03 1.390922409578259603e-04
2.208004733018899008e-03 1.496091657673031606e-04
2.249054605835780311e-03 1.605427182721551143e-04
2.290867652767772378e-03 1.718902338498579986e-04
2.333458062281002030e-03 1.836485658016095990e-04
2.376840286624876033e-03 1.958141214309890357e-04
2.421029046736177751e-03 2.083828971074012080e-04
2.466039337234338710e-03 2.213505122189450070e-04
2.511886431509579437e-03 2.347122419391625095e-04
2.558585886905645219e-03 2.484630487497484696e-04
2.606153549998894894e-03 2.625976126769061637e-04
2.654605561975539006e-03 2.771103602127527005e-04
2.703958364108843566e-03 2.919954919052536436e-04
2.754228703338165978e-03 3.072470086106509506e-04
2.805433637951713129e-03 3.228587364114854797e-04
2.857590543374946730e-03 3.388243502111524435e-04
2.910717118066605269e-03 3.551373960226521156e-04
2.964831389524342272e-03 3.717913119748709094e-04
3.019951720402016138e-03 3.887794480645137270e-04
3.076096814740708011e-03 4.060950846857384368e-04
3.133285724315585784e-03 4.237314499727570251e-04
3.191537855100761399e-03 4.416817359932258659e-04
3.250872973854343657e-03 4.599391138322321353e-04
3.311311214825910908e-03 4.784967476081351421e-04
3.372873086588689100e-03 4.973478074625562167e-04
3.435579478998746286e-03 5.164854815674203934e-04
3.499451670283573214e-03 5.359029871922592466e-04
3.564511334262442620e-03 5.555935808749363179e-04
3.630780547701014001e-03 5.755505677387011887e-04
3.698281797802662786e-03 5.957673099980126960e-04
3.767037989839089156e-03 6.162372346948336108e-04
3.837072454922788207e-03 6.369538407063413468e-04
3.908408957924020856e-03 6.579107050639743754e-04
3.981071705534973415e-03 6.791014886227003406e-04
4.055085354483838923e-03 7.005199411182262432e-04
4.130475019901614850e-03 7.221599056486726958e-04
4.207266283844442178e-03 7.440153226159055590e-04
4.285485203974396737e-03 7.660802331604858566e-04
4.365158322401660983e-03 7.883487821228208486e-04
4.446312674691088596e-03 8.108152205617623169e-04
4.528975799036208914e-03 8.334739078605398312e-04
4.613175745603795459e-03 8.563193134486224434e-04
4.698941086052155734e-03 8.793460181666597252e-04
4.786300923226385375e-03 9.025487153004433131e-04
4.875284901033865269e-03 9.259222113083750158e-04
4.965923214503362680e-03 9.494614262657451089e-04
5.058246620031137293e-03 9.731613940476229298e-04
5.152286445817561532e-03 9.970172622708467491e-04
5.248074602497722861e-03 1.021024292013917537e-03
5.345643593969713440e-03 1.045177857331622794e-03
5.445026528424209283e-03 1.069473444578039785e-03
5.546257129579105008e-03 1.093906651545811836e-03
5.649369748123022304e-03 1.118473186416503798e-03
5.754399373371566623e-03 1.143168866480025712e-03
5.861381645140284653e-03 1.167989616458484873e-03
5.970352865838366233e-03 1.192931465739889953e-03
6.081350012787175956e-03 1.217990540504248088e-03
6.194410750767811655e-03 1.243163000857313823e-03
6.309573444801930275e-03 1.268445638314369232e-03
6.426877173170193573e-03 1.293834496727081342e-03
6.546361740672746767e-03 1.319325868020887254e-03
6.668067692136218742e-03 1.344916855532274184e-03
6.792036326171843434e-03 1.370604041732071017e-03
6.918309709189362708e-03 1.396384256563721303e-03
7.046930689671467365e-03 1.422254421525786031e-03
7.177942912713615280e-03 1.448211541233198479e-03
7.311390834834172354e-03 1.474252727245700841e-03
7.447319739059888796e-03 1.500375158013867154e-03
7.585775750291835935e-03 1.526576102105636637e-03
7.726805850957021646e-03 1.552852909992543740e-03
7.870457896950984814e-03 1.579203012074258203e-03
8.016780633876788992e-03 1.605623916648079956e-03
8.165823713585922128e-03 1.632113219237231374e-03
8.317637711026708985e-03 1.658668555165945194e-03
8.472274141405963452e-03 1.685287660617423985e-03
8.629785477669701596e-03 1.711968312700129155e-03
8.790225168308843026e-03 1.738708586970728800e-03
8.953647655495937385e-03 1.765506401098517917e-03
9.120108393559096804e-03 1.792359212137615296e-03
9.289663867799363706e-03 1.819265504476858105e-03
9.462371613657928962e-03 1.846223506591393535e-03
9.638290236239705627e-03 1.873231287006878057e-03
9.817479430199843246e-03 1.900287092221197328e-03
1.000000000000000021e-02 1.927389218973834346e-03
1.018591388054116906e-02 1.954536037773881886e-03
1.037528415818012723e-02 1.981725953960288954e-03
1.056817509213658565e-02 2.008957430882384911e-03
1.076465213629834890e-02 2.036228997103677139e-03
1.096478196143185063e-02 2.063539188100657097e-03
1.116863247780561230e-02 2.090886626621256319e-03
1.137627285823430978e-02 2.118269968665900411e-03
1.158777356155126122e-02 2.145687914827754637e-03
1.180320635651729844e-02 2.173139208937488118e-03
1.202264434617413176e-02 2.200622636740796109e-03
1.224616199265048978e-02 2.228137024608523812e-03
1.247383514242943192e-02 2.255681238895012111e-03
1.270574105208541887e-02 2.283254181633479710e-03
1.294195841449986319e-02 2.310854795500217121e-03
1.318256738556407466e-02 2.338482056494000250e-03
1.342764961137864199e-02 2.366134975883030841e-03
1.367728825595849497e-02 2.393812598487564131e-03
1.393156802945303557e-02 2.421514001607667603e-03
1.419057521689092577e-02 2.449238287524963323e-03
1.445439770745927249e-02 2.476984607947116043e-03
1.472312502432718620e-02 2.504752125258031658e-03
1.499684835502373276e-02 2.532540036522677035e-03
1.527566058238072344e-02 2.560347581999724599e-03
1.555965631605074270e-02 2.588173984612855260e-03
1.584893192461113431e-02 2.616018534855164401e-03
1.614358556826486074e-02 2.643880534840740634e-03
1.644371723214931372e-02 2.671759310803972515e-03
1.674942876026437252e-02 2.699654212301005884e-03
1.706082389003123548e-02 2.727564611435245347e-03
1.737800828749375484e-02 2.755489902106342173e-03
1.770108958317421002e-02 2.783429499282056695e-03
1.803017740859568993e-02 2.811382838292545479e-03
1.836538343348346342e-02 2.839349374146240591e-03
1.870682140365800480e-02 2.867328580867078112e-03
1.905460717963247327e-02 2.895319950851737555e-03
1.940885877592778141e-02 2.923322994247333235e-03
1.976969640111861035e-02 2.951337238347657207e-03
2.013724249862388488e-02 2.979362220478949056e-03
2.051162178825565591e-02 3.007397513161795804e-03
2.089296130854039618e-02 3.035442685436204498e-03
2.128139045982712155e-02 3.063497327498486324e-03
2.167704104819695096e-02 3.091561043904746640e-03
2.208004733018900309e-02 3.119633479628808152e-03
2.249054605835781526e-02 3.147714215162457536e-03
2.290867652767773419e-02 3.175802923374318985e-03
2.333458062281003331e-02 3.203899256915739187e-03
2.376840286624877160e-02 3.232002892131613254e-03
2.421029046736178705e-02 3.260113506773652803e-03
2.466039337234339837e-02 3.288230793516176437e-03
2.511886431509580825e-02 3.316354455922266176e-03
2.558585886905645132e-02 3.344484208065384365e-03
2.606153549998894980e-02 3.372619774163169212e-03
2.654605561975538833e-02 3.400760888223529951e-03
2.703958364108843479e-02 3.428907293702121786e-03
2.754228703338166065e-02 3.457058743171072691e-03
2.805433637951713216e-02 3.485214991691017433e-03
2.857590543374946557e-02 3.513375821438630663e-03
2.910717118066605269e-02 3.541541004313527880e-03
2.964831389524342359e-02 3.569710326252977135e-03
3.019951720402016052e-02 3.597883580781291619e-03
3.076096814740707924e-02 3.626060568717950298e-03
3.133285724315585524e-02 3.654241124334444563e-03
3.191537855100761573e-02 3.682425012302658479e-03
3.250872973854343484e-02 3.710612080251535737e-03
3.311311214825911342e-02 3.738802151703709761e-03
3.372873086588688840e-02 3.766995067412133146e-03
3.435579478998746633e-02 3.795190663824111934e-03
3.499451670283573040e-02 3.823388786695474002e-03
3.564511334262442793e-02 3.851589287305054628e-03
3.630780547701013827e-02 3.879792022259380066e-03
3.698281797802662613e-02 3.907996853302839364e-03
3.767037989839089329e-02 3.936203647134789430e-03
3.837072454922788034e-02 3.964412275232690429e-03
3.908408957924021376e-02 3.992622613680717712e-03
3.981071705534973415e-02 4.020834536654502994e-03
4.055085354483839444e-02 4.049047941341521288e-03
4.130475019901614503e-02 4.077262710519805218e-03
4.207266283844442178e-02 4.105478737094575559e-03
4.285485203974396390e-02 4.133695917770601434e-03
4.365158322401661156e-02 4.161914152887319189e-03
4.446312674691088596e-02 4.190133372917109918e-03
4.528975799036209088e-02 4.218353435467747138e-03
4.613175745603795286e-02 4.246574273127714377e-03
4.698941086052153132e-02 4.274795806478836474e-03
4.786300923226382426e-02 4.303017948772260536e-03
4.875284901033862667e-02 4.331240620177253392e-03
4.965923214503360078e-02 4.359463743738702622e-03
5.058246620031139895e-02 4.387687245275081853e-03
5.152286445817564481e-02 4.415911053277644244e-03
5.248074602497725810e-02 4.444135098814385593e-03
5.345643593969716389e-02 4.472359383648676599e-03
5.445026528424212059e-02 4.500583639094052693e-03
5.546257129579107437e-02 4.528808008034986357e-03
5.649369748123025253e-02 4.557032356339884606e-03
5.754399373371569398e-02 4.585256639069422609e-03
5.861381645140287949e-02 4.613480794722524432e-03
5.970352865838369355e-02 4.641704769946946446e-03
6.081350012787179599e-02 4.669928513265474666e-03
6.194410750767814777e-02 4.698151974973008814e-03
6.309573444801933051e-02 4.726375134119783529e-03
6.426877173170197910e-02 4.754597894554598962e-03
6.546361740672750062e-02 4.782820233341940515e-03
6.668067692136221691e-02 4.811042114331142393e-03
6.792036326171846383e-02 4.839263492535748196e-03
6.918309709189365830e-02 4.867484328275285474e-03
7.046930689671471182e-02 4.895704583304886885e-03
7.177942912713618229e-02 4.923924220763504361e-03
7.311390834834176344e-02 4.952143205125631754e-03
7.447319739059891919e-02 4.980361502148199747e-03
7.585775750291839925e-02 5.008579145287360250e-03
7.726805850957024768e-02 5.036795903353447762e-03
7.870457896950988630e-02 5.065011945060006286e-03
8.016780633876793849e-02 5.093227167945057685e-03
8.165823713585926291e-02 5.121441556031012046e-03
8.317637711026708291e-02 5.149655075640730169e-03
8.472274141405963799e-02 5.177867700266266041e-03
8.629785477669701943e-02 5.206079404299047107e-03
8.790225168308841985e-02 5.234290162965057197e-03
8.953647655495937385e-02 5.262499979914711350e-03
9.120108393559096804e-02 5.290708781595077591e-03
9.289663867799362318e-02 5.318916567389852038e-03
9.462371613657930003e-02 5.347123322734285977e-03
9.638290236239704933e-02 5.375329023509203136e-03
9.817479430199843593e-02 5.403533650059432793e-03
1.000000000000000056e-01 5.431737183441713926e-03
1.018591388054116975e-01 5.459939605401162820e-03
1.037528415818012584e-01 5.488140898350867512e-03
1.056817509213658496e-01 5.516341045335069158e-03
1.076465213629834994e-01 5.544540094932808721e-03
1.096478196143185063e-01 5.572737836649340436e-03
1.116863247780561230e-01 5.600934450053150250e-03
1.137627285823430978e-01 5.629129849098564974e-03
1.158777356155126226e-01 5.657324032276962386e-03
1.180320635651729844e-01 5.685516979748928522e-03
1.202264434617413141e-01 5.713708678363783183e-03
1.224616199265048944e-01 5.741899115396000008e-03
1.247383514242943192e-01 5.770088278457354003e-03
1.270574105208542026e-01 5.798276183845284260e-03
1.294195841449986284e-01 5.826462768675965027e-03
1.318256738556407293e-01 5.854648043623645118e-03
1.342764961137864199e-01 5.882832004862643439e-03
1.367728825595849462e-01 5.911014638685592286e-03
1.393156802945303419e-01 5.939195935399338259e-03
1.419057521689092716e-01 5.967375885661286086e-03
1.445439770745927943e-01 5.995554480477621392e-03
1.472312502432719383e-01 6.023731711171891393e-03
1.499684835502373970e-01 6.051907569397366529e-03
1.527566058238073177e-01 6.080082047098242515e-03
1.555965631605074895e-01 6.108255136508553527e-03
1.584893192461114264e-01 6.136426830160184899e-03
1.614358556826487046e-01 6.164597114278929160e-03
1.644371723214932413e-01 6.192765994601849913e-03
1.674942876026438154e-01 6.220933458138221475e-03
1.706082389003124311e-01 6.249099498392615519e-03
1.737800828749376247e-01 6.277264108992559183e-03
1.770108958317422043e-01 6.305427283731562284e-03
1.803017740859569895e-01 6.333589016381018649e-03
1.836538343348347313e-01 6.361749336424626748e-03
1.870682140365801660e-01 6.389908172637221925e-03
1.905460717963248229e-01 6.418065555779691074e-03
1.940885877592779252e-01 6.446221477344127142e-03
1.976969640111861937e-01 6.474375932581434914e-03
2.013724249862389459e-01 6.502528916925506483e-03
2.051162178825564619e-01 6.530680425977995578e-03
2.089296130854038647e-01 6.558830455492182035e-03
2.128139045982711253e-01 6.586979001385668241e-03
2.167704104819694055e-01 6.615126059726438891e-03
2.208004733018899268e-01 6.643271626724212529e-03
2.249054605835780485e-01 6.671415692402964809e-03
2.290867652767772378e-01 6.699558265561143811e-03
2.333458062281001943e-01 6.727699336630877866e-03
2.376840286624875842e-01 6.755838902345208223e-03
2.421029046736177526e-01 6.783976959454791379e-03
2.466039337234338658e-01 6.812113504794410981e-03
2.511886431509579576e-01 6.840248535165905676e-03
2.558585886905645479e-01 6.868382047242252778e-03
2.606153549998895258e-01 6.896514071358114152e-03
2.654605561975538763e-01 6.924644547218169847e-03
2.703958364108843271e-01 6.952773498583270789e-03
2.754228703338166273e-01 6.980900923089827619e-03
2.805433637951713077e-01 7.009026818429962488e-03
2.857590543374946557e-01 7.037151182419741809e-03
2.910717118066605269e-01 7.065274012939175632e-03
2.964831389524342220e-01 7.093395307924399255e-03
3.019951720402015982e-01 7.121515133974335235e-03
3.076096814740708063e-01 7.149633283588997627e-03
3.133285724315585385e-01 7.177749960517788332e-03
3.191537855100761711e-01 7.205865088160155925e-03
3.250872973854344039e-01 7.233978677142531566e-03
3.311311214825911065e-01 7.262090719703701708e-03
3.372873086588689118e-01 7.290201214199611666e-03
3.435579478998746494e-01 7.318310159087135572e-03
3.499451670283573179e-01 7.346417552692553234e-03
3.564511334262442932e-01 7.374523393358474281e-03
3.630780547701014105e-01 7.402627679072640299e-03
3.698281797802662751e-01 7.430730443388874201e-03
3.767037989839089329e-01 7.458831624560451068e-03
3.837072454922788589e-01 7.486931248887805819e-03
3.908408957924021099e-01 7.515029315239201389e-03
3.981071705534973137e-01 7.543125822555602107e-03
4.055085354483839444e-01 7.571220769796984870e-03
4.130475019901614364e-01 7.599314156002816810e-03
4.207266283844441901e-01 7.627405980203405718e-03
4.285485203974396251e-01 7.655496308196917121e-03
4.365158322401661017e-01 7.683584938974160825e-03
4.446312674691088040e-01 7.711672071788156294e-03
4.528975799036208949e-01 7.739757632808834734e-03
4.613175745603795286e-01 7.767841633568898889e-03
4.698941086052155769e-01 7.795924067161408462e-03
4.786300923226385340e-01 7.824004932807855986e-03
4.875284901033865026e-01 7.852084229765240314e-03
4.965923214503362715e-01 7.880161957141579646e-03
5.058246620031142671e-01 7.908238113909739006e-03
5.152286445817566563e-01 7.936312698787017020e-03
5.248074602497728725e-01 7.964385747860269413e-03
5.345643593969718887e-01 7.992457197102748739e-03
5.445026528424214973e-01 8.020527074712145710e-03
5.546257129579110767e-01 8.048595380240502681e-03
5.649369748123028723e-01 8.076662113179939456e-03
5.754399373371572590e-01 8.104727273114880476e-03
5.861381645140291141e-01 8.132790859543687079e-03
5.970352865838371992e-01 8.160852872199683694e-03
6.081350012787182235e-01 8.188913375667444122e-03
6.194410750767818108e-01 8.216972174283465602e-03
6.309573444801935826e-01 8.245029463067730935e-03
6.426877173170200130e-01 8.273085170057870030e-03
6.546361740672747009e-01 8.301139307468083026e-03
6.668067692136219193e-01 8.329191868528654924e-03
6.792036326171843053e-01 8.357242853230426385e-03
6.918309709189363055e-01 8.385292261032925229e-03
7.046930689671466741e-01 8.413340091331298481e-03
7.177942912713615176e-01 8.441386343594771066e-03
7.311390834834172736e-01 8.469431016616769947e-03
7.447319739059888866e-01 8.497474149083007744e-03
7.585775750291835484e-01 8.525515673975643527e-03
7.726805850957021438e-01 8.553555621184188301e-03
7.870457896950984189e-01 8.581593990537430064e-03
8.016780633876789963e-01 8.609630781871397548e-03
8.165823713585922405e-01 8.637665995125788296e-03
8.317637711026708569e-01 8.665699630010709198e-03
8.472274141405963244e-01 8.693731686386318991e-03
8.629785477669701388e-01 8.721762164352287947e-03
8.790225168308842818e-01 8.749791063466259844e-03
8.953647655495937663e-01 8.777818383761841481e-03
9.120108393559096527e-01 8.805844118548815033e-03
9.289663867799362595e-01 8.833868280528033023e-03
9.462371613657929448e-01 8.861890863006498600e-03
9.638290236239704933e-01 8.889911866011526720e-03
9.817479430199843593e-01 8.917931289321386762e-03
1.000000000000000000e+00 8.945949132433411374e-03
1.018591388054116864e+00 8.973965395102026163e-03
1.037528415818012695e+00 9.001980087115975596e-03
1.056817509213658468e+00 9.029993216608229664e-03
1.076465213629834938e+00 9.058004746094463697e-03
1.096478196143185091e+00 9.086014696258550710e-03
1.116863247780561119e+00 9.114023066947895754e-03
1.137627285823431089e+00 9.142029858131957287e-03
1.158777356155126226e+00 9.170035070035872926e-03
1.180320635651729733e+00 9.198038702334978764e-03
1.202264434617413169e+00 9.226040755483987457e-03
1.224616199265048833e+00 9.254041228847612044e-03
1.247383514242943248e+00 9.282040122798660212e-03
1.270574105208541971e+00 9.310037431069872679e-03
1.294195841449986339e+00 9.338033165865256349e-03
1.318256738556407459e+00 9.366027321335795505e-03
1.342764961137864255e+00 9.394019896649818610e-03
1.367728825595849518e+00 9.422010892672730634e-03
1.393156802945303641e+00 9.450000308438798874e-03
1.419057521689092605e+00 9.477988144316462985e-03
1.445439770745927888e+00 9.505974399578013406e-03
1.472312502432719272e+00 9.533959084538959003e-03
1.499684835502373970e+00 9.561942208715149688e-03
1.527566058238073232e+00 9.589923732010853172e-03
1.555965631605074950e+00 9.617903675976122863e-03
1.584893192461114042e+00 9.645882041504356963e-03
1.614358556826486879e+00 9.673858827935402985e-03
1.644371723214932413e+00 9.701834035771886647e-03
1.674942876026438210e+00 9.729807664740091136e-03
1.706082389003124256e+00 9.757779715379189325e-03
1.737800828749376247e+00 9.785750186483472071e-03
1.770108958317422099e+00 9.813719080075250512e-03
1.803017740859570006e+00 9.841686388346881226e-03
1.836538343348347313e+00 9.869652124447720817e-03
1.870682140365801605e+00 9.897616281690582024e-03
1.905460717963248340e+00 9.925578860535097178e-03
1.940885877592779307e+00 9.953539860896620448e-03
1.976969640111861937e+00 9.981499282572569090e-03
2.013724249862389293e+00 1.000945712469848876e-02
2.051162178825566951e+00 1.003741338861692707e-02
2.089296130854040978e+00 1.006536808301877230e-02
2.128139045982713196e+00 1.009332121967468354e-02
2.167704104819693889e+00 1.012127275552038123e-02
2.208004733018899213e+00 1.014922271384401282e-02
2.249054605835780318e+00 1.017717109497935299e-02
2.290867652767772267e+00 1.020511789898162318e-02
2.333458062281001943e+00 1.023306312494132696e-02
2.376840286624875898e+00 1.026100677452584237e-02
2.421029046736177470e+00 1.028894891427985930e-02
2.466039337234338547e+00 1.031688934320384478e-02
2.511886431509579687e+00 1.034482826122563350e-02
2.558585886905645257e+00 1.037276559792423003e-02
2.606153549998895258e+00 1.040070136274388359e-02
2.654605561975539096e+00 1.042863555057284980e-02
2.703958364108843160e+00 1.045656816303231276e-02
2.754228703338166273e+00 1.048449919734773320e-02
2.805433637951713077e+00 1.051242865585509320e-02
2.857590543374946446e+00 1.054035653618193985e-02
2.910717118066604936e+00 1.056828283945904223e-02
2.964831389524342331e+00 1.059620757477194690e-02
3.019951720402016093e+00 1.062413075833334129e-02
3.076096814740707952e+00 1.065205234099932119e-02
3.133285724315585608e+00 1.067997234798473589e-02
3.191537855100761600e+00 1.070789077945384637e-02
3.250872973854343595e+00 1.073580763522709140e-02
3.311311214825911176e+00 1.076372291642772525e-02
3.372873086588688896e+00 1.079163662167699142e-02
3.435579478998746605e+00 1.081954881891069621e-02
3.499451670283573179e+00 1.084745931063167169e-02
3.564511334262442599e+00 1.087536829152842797e-02
3.630780547701013994e+00 1.090327569311690462e-02
3.698281797802662751e+00 1.093118152409429215e-02
3.767037989839089107e+00 1.095908578153398025e-02
3.837072454922788367e+00 1.098698846380624476e-02
3.908408957924021099e+00 1.101488957379532022e-02
3.981071705534973137e+00 1.104278910891388910e-02
4.055085354483838778e+00 1.107068706846043096e-02
4.130475019901614253e+00 1.109858345810630503e-02
4.207266283844441901e+00 1.112647827039745310e-02
4.285485203974396029e+00 1.115437153885002683e-02
4.365158322401661017e+00 1.118226320822744181e-02
4.446312674691088596e+00 1.121015330214211562e-02
4.528975799036208727e+00 1.123804182873998012e-02
4.613175745603795619e+00 1.126592877913458815e-02
4.698941086052156102e+00 1.129381415647716380e-02
4.786300923226384896e+00 1.132169796033138075e-02
4.875284901033865026e+00 1.134958025580898831e-02
4.965923214503362715e+00 1.137746085058565643e-02
5.058246620031142449e+00 1.140533994016306243e-02
5.152286445817567007e+00 1.143321744791453258e-02
5.248074602497728058e+00 1.146109338936349836e-02
5.345643593969719554e+00 1.148896775733021514e-02
5.445026528424214085e+00 1.151684055628539489e-02
5.546257129579109879e+00 1.154471178277103466e-02
5.649369748123028501e+00 1.157258143543395991e-02
5.754399373371572146e+00 1.160044951594331290e-02
5.861381645140290253e+00 1.162831603476164634e-02
5.970352865838371770e+00 1.165618097925410178e-02
6.081350012787182457e+00 1.168404437504150066e-02
6.194410750767818108e+00 1.171190617457302033e-02
6.309573444801936049e+00 1.173976640368734267e-02
6.426877173170200130e+00 1.176762506371459988e-02
6.546361740672753449e+00 1.179548215141062659e-02
6.668067692136225411e+00 1.182333767479874786e-02
6.792036326171849936e+00 1.185119162239685504e-02
6.918309709189363055e+00 1.187904400033225859e-02
7.046930689671467185e+00 1.190689480700482528e-02
7.177942912713614732e+00 1.193474404323995562e-02
7.311390834834172736e+00 1.196259170560235417e-02
7.447319739059888200e+00 1.199043780768503480e-02
7.585775750291835706e+00 1.201828233468868121e-02
7.726805850957020994e+00 1.204612529282304487e-02
7.870457896950984633e+00 1.207396668641937121e-02
8.016780633876789963e+00 1.210180649893622534e-02
8.165823713585922405e+00 1.212964476091068014e-02
8.317637711026709013e+00 1.215748142764918813e-02
8.472274141405963022e+00 1.218531654645107869e-02
8.629785477669701166e+00 1.221315011881270521e-02
8.790225168308841930e+00 1.224098210455801250e-02
8.953647655495936775e+00 1.226881250936034083e-02
9.120108393559096527e+00 1.229664135656160194e-02
9.289663867799362151e+00 1.232446863161312627e-02
9.462371613657929004e+00 1.235229433928066931e-02
9.638290236239704711e+00 1.238011846985685380e-02
9.817479430199844259e+00 1.240794104666802407e-02
1.000000000000000000e+01 1.243576205222067348e-02
