1.000000000000000021e-03 1.000000000000000000e+00
1.018591388054116949e-03 1.000000000000000000e+00
1.037528415818012636e-03 1.000000000000000000e+00
1.056817509213658478e-03 1.000000000000000000e+00
1.076465213629834933e-03 1.000000000000000000e+00
1.096478196143185150e-03 1.000000000000000000e+00
1.116863247780561100e-03 1.000000000000000000e+00
1.137627285823430891e-03 1.000000000000000000e+00
1.158777356155126165e-03 1.000000000000000000e+00
1.180320635651729714e-03 1.000000000000000000e+00
1.202264434617413003e-03 1.000000000000000000e+00
1.224616199265048892e-03 1.000000000000000000e+00
1.247383514242943279e-03 1.000000000000000000e+00
1.270574105208541974e-03 1.000000000000000000e+00
1.294195841449986232e-03 1.000000000000000000e+00
1.318256738556407509e-03 1.000000000000000000e+00
1.342764961137864156e-03 1.000000000000000000e+00
1.367728825595849410e-03 1.000000000000000000e+00
1.393156802945303557e-03 1.000000000000000000e+00
1.419057521689092577e-03 1.000000000000000000e+00
1.445439770745927987e-03 1.000000000000000000e+00
1.472312502432719271e-03 1.000000000000000000e+00
1.499684835502374143e-03 1.000000000000000000e+00
1.527566058238073168e-03 1.000000000000000000e+00
1.555965631605074964e-03 1.000000000000000000e+00
1.584893192461114082e-03 1.000000000000000000e+00
1.614358556826487028e-03 1.000000000000000000e+00
1.644371723214932326e-03 1.000000000000000000e+00
1.674942876026438250e-03 1.000000000000000000e+00
1.706082389003124242e-03 1.000000000000000000e+00
1.737800828749376265e-03 1.000000000000000000e+00
1.770108958317422000e-03 1.000000000000000000e+00
1.803017740859569947e-03 1.000000000000000000e+00
1.836538343348347339e-03 1.000000000000000000e+00
1.870682140365801695e-03 1.000000000000000000e+00
1.905460717963248195e-03 1.000000000000000000e+00
1.940885877592779312e-03 1.000000000000000000e+00
1.976969640111860081e-03 1.000000000000000000e+00
2.013724249862387447e-03 1.000000000000000000e+00
2.051162178825564637e-03 1.000000000000000000e+00
2.089296130854038577e-03 1.000000000000000000e+00
2.128139045982711374e-03 1.000000000000000000e+00
2.167704104819694055e-03 1.000000000000000000e+00
2.208004733018899008e-03 1.000000000000000000e+00
2.249054605835780311e-03 1.000000000000000000e+00
2.290867652767772378e-03 1.000000000000000000e+00
2.333458062281002030e-03 1.000000000000000000e+00
2.376840286624876033e-03 1.000000000000000000e+00
2.421029046736177751e-03 1.000000000000000000e+00
2.466039337234338710e-03 1.000000000000000000e+00
2.511886431509579437e-03 1.000000000000000000e+00
2.558585886905645219e-03 1.000000000000000000e+00
2.606153549998894894e-03 1.000000000000000000e+00
2.654605561975539006e-03 1.000000000000000000e+00
2.703958364108843566e-03 1.000000000000000000e+00
2.754228703338165978e-03 1.000000000000000000e+00
2.805433637951713129e-03 1.000000000000000000e+00
2.857590543374946730e-03 1.000000000000000000e+00
2.910717118066605269e-03 1.000000000000000000e+00
2.964831389524342272e-03 1.000000000000000000e+00
3.019951720402016138e-03 1.000000000000000000e+00
3.076096814740708011e-03 1.000000000000000000e+00
3.133285724315585784e-03 1.000000000000000000e+00
3.191537855100761399e-03 1.000000000000000000e+00
3.250872973854343657e-03 1.000000000000000000e+00
3.311311214825910908e-03 1.000000000000000000e+00
3.372873086588689100e-03 1.000000000000000000e+00
3.435579478998746286e-03 1.000000000000000000e+00
3.499451670283573214e-03 1.000000000000000000e+00
3.564511334262442620e-03 1.000000000000000000e+00
3.630780547701014001e-03 1.000000000000000000e+00
3.698281797802662786e-03 1.000000000000000000e+00
3.767037989839089156e-03 1.000000000000000000e+00
3.837072454922788207e-03 1.000000000000000000e+00
3.908408957924020856e-03 1.000000000000000000e+00
3.981071705534973415e-03 1.000000000000000000e+00
4.055085354483838923e-03 1.000000000000000000e+00
4.130475019901614850e-03 1.000000000000000000e+00
4.207266283844442178e-03 1.000000000000000000e+00
4.285485203974396737e-03 1.000000000000000000e+00
4.365158322401660983e-03 1.000000000000000000e+00
4.446312674691088596e-03 1.000000000000000000e+00
4.528975799036208914e-03 1.000000000000000000e+00
4.613175745603795459e-03 1.000000000000000000e+00
4.698941086052155734e-03 1.000000000000000000e+00
4.786300923226385375e-03 1.000000000000000000e+00
4.875284901033865269e-03 1.000000000000000000e+00
4.965923214503362680e-03 1.000000000000000000e+00
5.058246620031137293e-03 1.000000000000000000e+00
5.152286445817561532e-03 1.000000000000000000e+00
5.248074602497722861e-03 1.000000000000000000e+00
5.345643593969713440e-03 1.000000000000000000e+00
5.445026528424209283e-03 1.000000000000000000e+00
5.546257129579105008e-03 1.000000000000000000e+00
5.649369748123022304e-03 1.000000000000000000e+00
5.754399373371566623e-03 1.000000000000000000e+00
5.861381645140284653e-03 1.000000000000000000e+00
5.970352865838366233e-03 1.000000000000000000e+00
6.081350012787175956e-03 1.000000000000000000e+00
6.194410750767811655e-03 1.000000000000000000e+00
6.309573444801930275e-03 1.000000000000000000e+00
6.426877173170193573e-03 1.000000000000000000e+00
6.546361740672746767e-03 1.000000000000000000e+00
6.668067692136218742e-03 1.000000000000000000e+00
6.792036326171843434e-03 1.000000000000000000e+00
6.918309709189362708e-03 1.000000000000000000e+00
7.046930689671467365e-03 1.000000000000000000e+00
7.177942912713615280e-03 1.000000000000000000e+00
7.311390834834172354e-03 1.000000000000000000e+00
7.447319739059888796e-03 1.000000000000000000e+00
7.585775750291835935e-03 1.000000000000000000e+00
7.726805850957021646e-03 1.000000000000000000e+00
7.870457896950984814e-03 1.000000000000000000e+00
8.016780633876788992e-03 1.000000000000000000e+00
8.165823713585922128e-03 1.000000000000000000e+00
8.317637711026708985e-03 1.000000000000000000e+00
8.472274141405963452e-03 1.000000000000000000e+00
8.629785477669701596e-03 1.000000000000000000e+00
8.790225168308843026e-03 1.000000000000000000e+00
8.953647655495937385e-03 1.000000000000000000e+00
9.120108393559096804e-03 1.000000000000000000e+00
9.289663867799363706e-03 1.000000000000000000e+00
9.462371613657928962e-03 1.000000000000000000e+00
9.638290236239705627e-03 1.000000000000000000e+00
9.817479430199843246e-03 1.000000000000000000e+00
1.000000000000000021e-02 1.000000000000000000e+00
1.018591388054116906e-02 1.000000000000000000e+00
1.037528415818012723e-02 1.000000000000000000e+00
1.056817509213658565e-02 1.000000000000000000e+00
1.076465213629834890e-02 1.000000000000000000e+00
1.096478196143185063e-02 1.000000000000000000e+00
1.116863247780561230e-02 1.000000000000000000e+00
1.137627285823430978e-02 1.000000000000000000e+00
1.158777356155126122e-02 1.000000000000000000e+00
1.180320635651729844e-02 1.000000000000000000e+00
1.202264434617413176e-02 1.000000000000000000e+00
1.224616199265048978e-02 1.000000000000000000e+00
1.247383514242943192e-02 1.000000000000000000e+00
1.270574105208541887e-02 1.000000000000000000e+00
1.294195841449986319e-02 1.000000000000000000e+00
1.318256738556407466e-02 1.000000000000000000e+00
1.342764961137864199e-02 1.000000000000000000e+00
1.367728825595849497e-02 1.000000000000000000e+00
1.393156802945303557e-02 1.000000000000000000e+00
1.419057521689092577e-02 1.000000000000000000e+00
1.445439770745927249e-02 1.000000000000000000e+00
1.472312502432718620e-02 1.000000000000000000e+00
1.499684835502373276e-02 1.000000000000000000e+00
1.527566058238072344e-02 1.000000000000000000e+00
1.555965631605074270e-02 1.000000000000000000e+00
1.584893192461113431e-02 1.000000000000000000e+00
1.614358556826486074e-02 1.000000000000000000e+00
1.644371723214931372e-02 1.000000000000000000e+00
1.674942876026437252e-02 1.000000000000000000e+00
1.706082389003123548e-02 1.000000000000000000e+00
1.737800828749375484e-02 1.000000000000000000e+00
1.770108958317421002e-02 1.000000000000000000e+00
1.803017740859568993e-02 1.000000000000000000e+00
1.836538343348346342e-02 1.000000000000000000e+00
1.870682140365800480e-02 1.000000000000000000e+00
1.905460717963247327e-02 1.000000000000000000e+00
1.940885877592778141e-02 1.000000000000000000e+00
1.976969640111861035e-02 1.000000000000000000e+00
2.013724249862388488e-02 1.000000000000000000e+00
2.051162178825565591e-02 1.000000000000000000e+00
2.089296130854039618e-02 1.000000000000000000e+00
2.128139045982712155e-02 1.000000000000000000e+00
2.167704104819695096e-02 9.999999982156435596e-01
2.208004733018900309e-02 9.999999598362020459e-01
2.249054605835781526e-02 9.999998244280846604e-01
2.290867652767773419e-02 9.999995365976664941e-01
2.333458062281003331e-02 9.999990466389263588e-01
2.376840286624877160e-02 9.999983100997061891e-01
2.421029046736178705e-02 9.999972873776757920e-01
2.466039337234339837e-02 9.999959433440656076e-01
2.511886431509580825e-02 9.999942469933559286e-01
2.558585886905645132e-02 9.999921711172249372e-01
2.606153549998894980e-02 9.999896920011719370e-01
2.654605561975538833e-02 9.999867891423216415e-01
2.703958364108843479e-02 9.999834449870274034e-01
2.754228703338166065e-02 9.999796446869620992e-01
2.805433637951713216e-02 9.999753758724833075e-01
2.857590543374946557e-02 9.999706284421269187e-01
2.910717118066605269e-02 9.999653943671639178e-01
2.964831389524342359e-02 9.999596675102175869e-01
3.019951720402016052e-02 9.999534434570054309e-01
3.076096814740707924e-02 9.999467193603308601e-01
3.133285724315585524e-02 9.999394937955030649e-01
3.191537855100761573e-02 9.999317666264169180e-01
3.250872973854343484e-02 9.999235388815784775e-01
3.311311214825911342e-02 9.999148126393981872e-01
3.372873086588688840e-02 9.999055909221306049e-01
3.435579478998746633e-02 9.998958775978650237e-01
3.499451670283573040e-02 9.998856772900225343e-01
3.564511334262442793e-02 9.998749952938439378e-01
3.630780547701013827e-02 9.998638374993847888e-01
3.698281797802662613e-02 9.998522103205722544e-01
3.767037989839089329e-02 9.998401206298990207e-01
3.837072454922788034e-02 9.998275756983657780e-01
3.908408957924021376e-02 9.998145831403006945e-01
3.981071705534973415e-02 9.998011508627155930e-01
4.055085354483839444e-02 9.997872870188784233e-01
4.130475019901614503e-02 9.997729999657992694e-01
4.207266283844442178e-02 9.997582982253556683e-01
4.285485203974396390e-02 9.997431904487908971e-01
4.365158322401661156e-02 9.997276853843440891e-01
4.446312674691088596e-02 9.997117918477859133e-01
4.528975799036209088e-02 9.996955186956435480e-01
4.613175745603795286e-02 9.996788748009209913e-01
4.698941086052153132e-02 9.996618690311279698e-01
4.786300923226382426e-02 9.996445102284450268e-01
4.875284901033862667e-02 9.996268071918652520e-01
4.965923214503360078e-02 9.996087686611623280e-01
5.058246620031139895e-02 9.995904033025453383e-01
5.152286445817564481e-02 9.995717196958708861e-01
5.248074602497725810e-02 9.995527263232915072e-01
5.345643593969716389e-02 9.995334315592270258e-01
5.445026528424212059e-02 9.995138436615551569e-01
5.546257129579107437e-02 9.994939707639233228e-01
5.649369748123025253e-02 9.994738208690906456e-01
5.754399373371569398e-02 9.994534018432164046e-01
5.861381645140287949e-02 9.994327214110163560e-01
5.970352865838369355e-02 9.994117871517134155e-01
6.081350012787179599e-02 9.993906064957176483e-01
6.194410750767814777e-02 9.993691867219681724e-01
6.309573444801933051e-02 9.993475349558849086e-01
6.426877173170197910e-02 9.993256581678696682e-01
6.546361740672750062e-02 9.993035631723106160e-01
6.668067692136221691e-02 9.992812566270452557e-01
6.792036326171846383e-02 9.992587450332320875e-01
6.918309709189365830e-02 9.992360347355984107e-01
7.046930689671471182e-02 9.992131319230246334e-01
7.177942912713618229e-02 9.991900426294296755e-01
7.311390834834176344e-02 9.991667727349279327e-01
7.447319739059891919e-02 9.991433279672274903e-01
7.585775750291839925e-02 9.991197139032454988e-01
7.726805850957024768e-02 9.990959359709097320e-01
7.870457896950988630e-02 9.990719994511313429e-01
8.016780633876793849e-02 9.990479094799208371e-01
8.165823713585926291e-02 9.990236710506315010e-01
8.317637711026708291e-02 9.989992890163117423e-01
8.472274141405963799e-02 9.989747680921479134e-01
8.629785477669701943e-02 9.989501128579829636e-01
8.790225168308841985e-02 9.989253277608997061e-01
8.953647655495937385e-02 9.989004171178484937e-01
9.120108393559096804e-02 9.988753851183149735e-01
9.289663867799362318e-02 9.988502358270089365e-01
9.462371613657930003e-02 9.988249731865703751e-01
9.638290236239704933e-02 9.987996010305600914e-01
9.817479430199843593e-02 9.987741230992451813e-01
1.000000000000000056e-01 9.987485429280996696e-01
1.018591388054116975e-01 9.987228640252316936e-01
1.037528415818012584e-01 9.986970897597517993e-01
1.056817509213658496e-01 9.986712234071654093e-01
1.076465213629834994e-01 9.986452681350687088e-01
1.096478196143185063e-01 9.986192270109791602e-01
1.116863247780561230e-01 9.985931030052185298e-01
1.137627285823430978e-01 9.985668989938826234e-01
1.158777356155126226e-01 9.985406177639905012e-01
1.180320635651729844e-01 9.985142620051907780e-01
1.202264434617413141e-01 9.984878343260493727e-01
1.224616199265048944e-01 9.984613372516200069e-01
1.247383514242943192e-01 9.984347732207949910e-01
1.270574105208542026e-01 9.984081445946121347e-01
1.294195841449986284e-01 9.983814536560019492e-01
1.318256738556407293e-01 9.983547026288187576e-01
1.342764961137864199e-01 9.983278936457354868e-01
1.367728825595849462e-01 9.983010287522204873e-01
1.393156802945303419e-01 9.982741099570333621e-01
1.419057521689092716e-01 9.982471391801323035e-01
1.445439770745927943e-01 9.982201182908910786e-01
1.472312502432719383e-01 9.981930490998988104e-01
1.499684835502373970e-01 9.981659333406396328e-01
1.527566058238073177e-01 9.981387726980285313e-01
1.555965631605074895e-01 9.981115687956709781e-01
1.584893192461114264e-01 9.980843232106181295e-01
1.614358556826487046e-01 9.980570374608896955e-01
1.644371723214932413e-01 9.980297130069509803e-01
1.674942876026438154e-01 9.980023512662008489e-01
1.706082389003124311e-01 9.979749536080234629e-01
1.737800828749376247e-01 9.979475213543780310e-01
1.770108958317422043e-01 9.979200557781660041e-01
1.803017740859569895e-01 9.978925581179324267e-01
1.836538343348347313e-01 9.978650295721676056e-01
1.870682140365801660e-01 9.978374712704656258e-01
1.905460717963248229e-01 9.978098843299535448e-01
1.940885877592779252e-01 9.977822698135720980e-01
1.976969640111861937e-01 9.977546287591323448e-01
2.013724249862389459e-01 9.977269621669803135e-01
2.051162178825564619e-01 9.976992709955551097e-01
2.089296130854038647e-01 9.976715561782614206e-01
2.128139045982711253e-01 9.976438186093838922e-01
2.167704104819694055e-01 9.976160591577419856e-01
2.208004733018899268e-01 9.975882786497004551e-01
2.249054605835780485e-01 9.975604779060353033e-01
2.290867652767772378e-01 9.975326576925385158e-01
2.333458062281001943e-01 9.975048187649794285e-01
2.376840286624875842e-01 9.974769618456812426e-01
2.421029046736177526e-01 9.974490876330974753e-01
2.466039337234338658e-01 9.974211968027577591e-01
2.511886431509579576e-01 9.973932900203723584e-01
2.558585886905645479e-01 9.973653678935736622e-01
2.606153549998895258e-01 9.973374310339538917e-01
2.654605561975538763e-01 9.973094800238468949e-01
2.703958364108843271e-01 9.972815154262383297e-01
2.754228703338166273e-01 9.972535377875194618e-01
2.805433637951713077e-01 9.972255476324236589e-01
2.857590543374946557e-01 9.971975454641590630e-01
2.910717118066605269e-01 9.971695317680254744e-01
2.964831389524342220e-01 9.971415070126726787e-01
3.019951720402015982e-01 9.971134716797510622e-01
3.076096814740708063e-01 9.970854261736769031e-01
3.133285724315585385e-01 9.970573709266428164e-01
3.191537855100761711e-01 9.970293063480069051e-01
3.250872973854344039e-01 9.970012328269780566e-01
3.311311214825911065e-01 9.969731507479284716e-01
3.372873086588689118e-01 9.969450604676035610e-01
3.435579478998746494e-01 9.969169623497543542e-01
3.499451670283573179e-01 9.968888567304824422e-01
3.564511334262442932e-01 9.968607439348812216e-01
3.630780547701014105e-01 9.968326242728564601e-01
3.698281797802662751e-01 9.968044980577396297e-01
3.767037989839089329e-01 9.967763655763939301e-01
3.837072454922788589e-01 9.967482271246677072e-01
3.908408957924021099e-01 9.967200829562766762e-01
3.981071705534973137e-01 9.966919333651436119e-01
4.055085354483839444e-01 9.966637785428642538e-01
4.130475019901614364e-01 9.966356188102818425e-01
4.207266283844441901e-01 9.966074543601168845e-01
4.285485203974396251e-01 9.965792854267672141e-01
4.365158322401661017e-01 9.965511122346997208e-01
4.446312674691088040e-01 9.965229349882196441e-01
4.528975799036208949e-01 9.964947538958990325e-01
4.613175745603795286e-01 9.964665691532791358e-01
4.698941086052155769e-01 9.964383809492957100e-01
4.786300923226385340e-01 9.964101895959914801e-01
4.875284901033865026e-01 9.963819949722253488e-01
4.965923214503362715e-01 9.963537974208717118e-01
5.058246620031142671e-01 9.963255972611193556e-01
5.152286445817566563e-01 9.962973944507282908e-01
5.248074602497728725e-01 9.962691891887709428e-01
5.345643593969718887e-01 9.962409816511790250e-01
5.445026528424214973e-01 9.962127719790017100e-01
5.546257129579110767e-01 9.961845603320418352e-01
5.649369748123028723e-01 9.961563468486172024e-01
5.754399373371572590e-01 9.961281316935366448e-01
5.861381645140291141e-01 9.960999150264046031e-01
5.970352865838371992e-01 9.960716969968146373e-01
6.081350012787182235e-01 9.960434764726575629e-01
6.194410750767818108e-01 9.960152541422025996e-01
6.309573444801935826e-01 9.959870313799342734e-01
6.426877173170200130e-01 9.959588074513886502e-01
6.546361740672747009e-01 9.959305824831649057e-01
6.668067692136219193e-01 9.959023566005531514e-01
6.792036326171843053e-01 9.958741301325004791e-01
6.918309709189363055e-01 9.958459027006886233e-01
7.046930689671466741e-01 9.958176748417386648e-01
7.177942912713615176e-01 9.957894462527708823e-01
7.311390834834172736e-01 9.957612173739791572e-01
7.447319739059888866e-01 9.957329879769333258e-01
7.585775750291835484e-01 9.957047584188029044e-01
7.726805850957021438e-01 9.956765284951021311e-01
7.870457896950984189e-01 9.956482984469103847e-01
8.016780633876789963e-01 9.956200683995105605e-01
8.165823713585922405e-01 9.955918383853945564e-01
8.317637711026708569e-01 9.955636072096002431e-01
8.472274141405963244e-01 9.955353766313559394e-01
8.629785477669701388e-01 9.955071460877585876e-01
8.790225168308842818e-01 9.954789159185905012e-01
8.953647655495937663e-01 9.954506859503694516e-01
9.120108393559096527e-01 9.954224561217699385e-01
9.289663867799362595e-01 9.953942267757704965e-01
9.462371613657929448e-01 9.953659976742547100e-01
9.638290236239704933e-01 9.953377690824928292e-01
9.817479430199843593e-01 9.953095409178120967e-01
1.000000000000000000e+00 9.952813131867140894e-01
1.018591388054116864e+00 9.952530860091625131e-01
1.037528415818012695e+00 9.952248594515195057e-01
1.056817509213658468e+00 9.951966335189351698e-01
1.076465213629834938e+00 9.951684082774546747e-01
1.096478196143185091e+00 9.951401837187323629e-01
1.116863247780561119e+00 9.951119594720656547e-01
1.137627285823431089e+00 9.950837360712805335e-01
1.158777356155126226e+00 9.950555135951917318e-01
1.180320635651729733e+00 9.950272918200280259e-01
1.202264434617413169e+00 9.949990708529588002e-01
1.224616199265048833e+00 9.949708508149875952e-01
1.247383514242943248e+00 9.949426316655977098e-01
1.270574105208541971e+00 9.949144133940915902e-01
1.294195841449986339e+00 9.948861961152263289e-01
1.318256738556407459e+00 9.948579797338014119e-01
1.342764961137864255e+00 9.948297644062998879e-01
1.367728825595849518e+00 9.948015500821479895e-01
1.393156802945303641e+00 9.947733367309009589e-01
1.419057521689092605e+00 9.947451245230999328e-01
1.445439770745927888e+00 9.947169133269571084e-01
1.472312502432719272e+00 9.946887032458024969e-01
1.499684835502373970e+00 9.946604942716484876e-01
1.527566058238073232e+00 9.946322862109293617e-01
1.555965631605074950e+00 9.946040794109445304e-01
1.584893192461114042e+00 9.945758737140374395e-01
1.614358556826486879e+00 9.945476693159831516e-01
1.644371723214932413e+00 9.945194659989998742e-01
1.674942876026438210e+00 9.944912639169861679e-01
1.706082389003124256e+00 9.944630630908439795e-01
1.737800828749376247e+00 9.944348634338212589e-01
1.770108958317422099e+00 9.944066650965742715e-01
1.803017740859569784e+00 9.943784679543848926e-01
1.836538343348347313e+00 9.943502721638257658e-01
1.870682140365801605e+00 9.943220775309480342e-01
1.905460717963248340e+00 9.942938843149609074e-01
1.940885877592779307e+00 9.942656923105533950e-01
1.976969640111861937e+00 9.942375017019736694e-01
2.013724249862389293e+00 9.942093123802749899e-01
2.051162178825566951e+00 9.941811243398562814e-01
2.089296130854040978e+00 9.941529376735778190e-01
2.128139045982713196e+00 9.941247523342811032e-01
2.167704104819693889e+00 9.940965683712552625e-01
2.208004733018899213e+00 9.940683857876090324e-01
2.249054605835780318e+00 9.940402046011231896e-01
2.290867652767772267e+00 9.940120247628181360e-01
2.333458062281001943e+00 9.939838463393575463e-01
2.376840286624875898e+00 9.939556692888804612e-01
2.421029046736177470e+00 9.939274936927516846e-01
2.466039337234338547e+00 9.938993194760817884e-01
2.511886431509579687e+00 9.938711467179300874e-01
2.558585886905645257e+00 9.938429753075866957e-01
2.606153549998894814e+00 9.938148054424655875e-01
2.654605561975539096e+00 9.937866369895681506e-01
2.703958364108843160e+00 9.937584699571101465e-01
2.754228703338166273e+00 9.937303043883293219e-01
2.805433637951713077e+00 9.937021401805185006e-01
2.857590543374946446e+00 9.936739775116916196e-01
2.910717118066604936e+00 9.936458163518836484e-01
2.964831389524342331e+00 9.936176565912943071e-01
3.019951720402016093e+00 9.935894983018241922e-01
3.076096814740707952e+00 9.935613415071732346e-01
3.133285724315585608e+00 9.935331862037317663e-01
3.191537855100761600e+00 9.935050323735202804e-01
3.250872973854343595e+00 9.934768800547885137e-01
3.311311214825911176e+00 9.934487292169212891e-01
3.372873086588688896e+00 9.934205798863705583e-01
3.435579478998746605e+00 9.933924320356284365e-01
3.499451670283573179e+00 9.933642857281358429e-01
3.564511334262442599e+00 9.933361408899545886e-01
3.630780547701013994e+00 9.933079975915840576e-01
3.698281797802662751e+00 9.932798557891492353e-01
3.767037989839089107e+00 9.932517154976490126e-01
3.837072454922788367e+00 9.932235767141568417e-01
3.908408957924021099e+00 9.931954394558956123e-01
3.981071705534973137e+00 9.931673037394714854e-01
4.055085354483838778e+00 9.931391695336527770e-01
4.130475019901614253e+00 9.931110368685374112e-01
4.207266283844441901e+00 9.930829057226896461e-01
4.285485203974396029e+00 9.930547761192392020e-01
4.365158322401661017e+00 9.930266480428604492e-01
4.446312674691088596e+00 9.929985214971747132e-01
4.528975799036208727e+00 9.929703817347185213e-01
4.613175745603795619e+00 9.929421734950949485e-01
4.698941086052156102e+00 9.929138396140442246e-01
4.786300923226384896e+00 9.928853287109387082e-01
4.875284901033865026e+00 9.928565948043077682e-01
4.965923214503362715e+00 9.928275968550952513e-01
5.058246620031142449e+00 9.927982984176412229e-01
5.152286445817567007e+00 9.927686672387292521e-01
5.248074602497728058e+00 9.927386749809241628e-01
5.345643593969719554e+00 9.927082968783096373e-01
5.445026528424214085e+00 9.926775114473167516e-01
5.546257129579109879e+00 9.926463002180961892e-01
5.649369748123028501e+00 9.926146475091716104e-01
5.754399373371572146e+00 9.925825401697804251e-01
5.861381645140290253e+00 9.925499673781207344e-01
5.970352865838371770e+00 9.925169204330385186e-01
6.081350012787182457e+00 9.924833925914058330e-01
6.194410750767818108e+00 9.924493788594049848e-01
6.309573444801936049e+00 9.924148758669932846e-01
6.426877173170200130e+00 9.923798817038251840e-01
6.546361740672753449e+00 9.923443957743005583e-01
6.668067692136225411e+00 9.923084186964962194e-01
6.792036326171849936e+00 9.922719521640813722e-01
6.918309709189363055e+00 9.922349988438244894e-01
7.046930689671467185e+00 9.921975622667783545e-01
7.177942912713614732e+00 9.921596467689156595e-01
7.311390834834172736e+00 9.921212573640902921e-01
7.447319739059888200e+00 9.920823996842469406e-01
7.585775750291835706e+00 9.920430799059483107e-01
7.726805850957020994e+00 9.920033046888568906e-01
7.870457896950984633e+00 9.919630810983404157e-01
8.016780633876789963e+00 9.919224165694350281e-01
8.165823713585922405e+00 9.918813188381820911e-01
8.317637711026709013e+00 9.918397959027542843e-01
8.472274141405963022e+00 9.917978559770401770e-01
8.629785477669701166e+00 9.917555074520352232e-01
8.790225168308841930e+00 9.917127588601019061e-01
8.953647655495936775e+00 9.916696188372385867e-01
9.120108393559096527e+00 9.916260961014949915e-01
9.289663867799362151e+00 9.915821994145131990e-01
9.462371613657929004e+00 9.915379375626487413e-01
9.638290236239704711e+00 9.914933193388806298e-01
9.817479430199844259e+00 9.914483535144342774e-01
1.000000000000000000e+01 9.914030488250281659e-01
