1.000000000000000021e-03 0.000000000000000000e+00
1.018591388054116949e-03 0.000000000000000000e+00
1.037528415818012636e-03 0.000000000000000000e+00
1.056817509213658478e-03 0.000000000000000000e+00
1.076465213629834933e-03 0.000000000000000000e+00
1.096478196143185150e-03 0.000000000000000000e+00
1.116863247780561100e-03 0.000000000000000000e+00
1.137627285823430891e-03 0.000000000000000000e+00
1.158777356155126165e-03 0.000000000000000000e+00
1.180320635651729714e-03 0.000000000000000000e+00
1.202264434617413003e-03 0.000000000000000000e+00
1.224616199265048892e-03 0.000000000000000000e+00
1.247383514242943279e-03 0.000000000000000000e+00
1.270574105208541974e-03 0.000000000000000000e+00
1.294195841449986232e-03 0.000000000000000000e+00
1.318256738556407509e-03 0.000000000000000000e+00
1.342764961137864156e-03 0.000000000000000000e+00
1.367728825595849410e-03 0.000000000000000000e+00
1.393156802945303557e-03 0.000000000000000000e+00
1.419057521689092577e-03 0.000000000000000000e+00
1.445439770745927987e-03 0.000000000000000000e+00
1.472312502432719271e-03 0.000000000000000000e+00
1.499684835502374143e-03 0.000000000000000000e+00
1.527566058238073168e-03 0.000000000000000000e+00
1.555965631605074964e-03 0.000000000000000000e+00
1.584893192461114082e-03 0.000000000000000000e+00
1.614358556826487028e-03 0.000000000000000000e+00
1.644371723214932326e-03 0.000000000000000000e+00
1.674942876026438250e-03 0.000000000000000000e+00
1.706082389003124242e-03 0.000000000000000000e+00
1.737800828749376265e-03 0.000000000000000000e+00
1.770108958317422000e-03 0.000000000000000000e+00
1.803017740859569947e-03 0.000000000000000000e+00
1.836538343348347339e-03 0.000000000000000000e+00
1.870682140365801695e-03 0.000000000000000000e+00
1.905460717963248195e-03 0.000000000000000000e+00
1.940885877592779312e-03 0.000000000000000000e+00
1.976969640111860081e-03 0.000000000000000000e+00
2.013724249862387447e-03 0.000000000000000000e+00
2.051162178825564637e-03 0.000000000000000000e+00
2.089296130854038577e-03 0.000000000000000000e+00
2.128139045982711374e-03 0.000000000000000000e+00
2.167704104819694055e-03 0.000000000000000000e+00
2.208004733018899008e-03 0.000000000000000000e+00
2.249054605835780311e-03 0.000000000000000000e+00
2.290867652767772378e-03 0.000000000000000000e+00
2.333458062281002030e-03 0.000000000000000000e+00
2.376840286624876033e-03 0.000000000000000000e+00
2.421029046736177751e-03 0.000000000000000000e+00
2.466039337234338710e-03 0.000000000000000000e+00
2.511886431509579437e-03 0.000000000000000000e+00
2.558585886905645219e-03 0.000000000000000000e+00
2.606153549998894894e-03 0.000000000000000000e+00
2.654605561975539006e-03 0.000000000000000000e+00
2.703958364108843566e-03 0.000000000000000000e+00
2.754228703338165978e-03 0.000000000000000000e+00
2.805433637951713129e-03 0.000000000000000000e+00
2.857590543374946730e-03 0.000000000000000000e+00
2.910717118066605269e-03 0.000000000000000000e+00
2.964831389524342272e-03 0.000000000000000000e+00
3.019951720402016138e-03 0.000000000000000000e+00
3.076096814740708011e-03 0.000000000000000000e+00
3.133285724315585784e-03 0.000000000000000000e+00
3.191537855100761399e-03 0.000000000000000000e+00
3.250872973854343657e-03 0.000000000000000000e+00
3.311311214825910908e-03 0.000000000000000000e+00
3.372873086588689100e-03 0.000000000000000000e+00
3.435579478998746286e-03 0.000000000000000000e+00
3.499451670283573214e-03 0.000000000000000000e+00
3.564511334262442620e-03 0.000000000000000000e+00
3.630780547701014001e-03 0.000000000000000000e+00
3.698281797802662786e-03 0.000000000000000000e+00
3.767037989839089156e-03 0.000000000000000000e+00
3.837072454922788207e-03 0.000000000000000000e+00
3.908408957924020856e-03 0.000000000000000000e+00
3.981071705534973415e-03 0.000000000000000000e+00
4.055085354483838923e-03 0.000000000000000000e+00
4.130475019901614850e-03 0.000000000000000000e+00
4.207266283844442178e-03 0.000000000000000000e+00
4.285485203974396737e-03 0.000000000000000000e+00
4.365158322401660983e-03 0.000000000000000000e+00
4.446312674691088596e-03 0.000000000000000000e+00
4.528975799036208914e-03 0.000000000000000000e+00
4.613175745603795459e-03 0.000000000000000000e+00
4.698941086052155734e-03 0.000000000000000000e+00
4.786300923226385375e-03 0.000000000000000000e+00
4.875284901033865269e-03 0.000000000000000000e+00
4.965923214503362680e-03 0.000000000000000000e+00
5.058246620031137293e-03 0.000000000000000000e+00
5.152286445817561532e-03 0.000000000000000000e+00
5.248074602497722861e-03 0.000000000000000000e+00
5.345643593969713440e-03 0.000000000000000000e+00
5.445026528424209283e-03 0.000000000000000000e+00
5.546257129579105008e-03 0.000000000000000000e+00
5.649369748123022304e-03 0.000000000000000000e+00
5.754399373371566623e-03 0.000000000000000000e+00
5.861381645140284653e-03 0.000000000000000000e+00
5.970352865838366233e-03 0.000000000000000000e+00
6.081350012787175956e-03 0.000000000000000000e+00
6.194410750767811655e-03 0.000000000000000000e+00
6.309573444801930275e-03 0.000000000000000000e+00
6.426877173170193573e-03 0.000000000000000000e+00
6.546361740672746767e-03 0.000000000000000000e+00
6.668067692136218742e-03 0.000000000000000000e+00
6.792036326171843434e-03 0.000000000000000000e+00
6.918309709189362708e-03 0.000000000000000000e+00
7.046930689671467365e-03 0.000000000000000000e+00
7.177942912713615280e-03 0.000000000000000000e+00
7.311390834834172354e-03 0.000000000000000000e+00
7.447319739059888796e-03 0.000000000000000000e+00
7.585775750291835935e-03 0.000000000000000000e+00
7.726805850957021646e-03 0.000000000000000000e+00
7.870457896950984814e-03 0.000000000000000000e+00
8.016780633876788992e-03 0.000000000000000000e+00
8.165823713585922128e-03 0.000000000000000000e+00
8.317637711026708985e-03 0.000000000000000000e+00
8.472274141405963452e-03 0.000000000000000000e+00
8.629785477669701596e-03 0.000000000000000000e+00
8.790225168308843026e-03 0.000000000000000000e+00
8.953647655495937385e-03 0.000000000000000000e+00
9.120108393559096804e-03 0.000000000000000000e+00
9.289663867799363706e-03 0.000000000000000000e+00
9.462371613657928962e-03 0.000000000000000000e+00
9.638290236239705627e-03 0.000000000000000000e+00
9.817479430199843246e-03 0.000000000000000000e+00
1.000000000000000021e-02 0.000000000000000000e+00
1.018591388054116906e-02 0.000000000000000000e+00
1.037528415818012723e-02 0.000000000000000000e+00
1.056817509213658565e-02 0.000000000000000000e+00
1.076465213629834890e-02 0.000000000000000000e+00
1.096478196143185063e-02 0.000000000000000000e+00
1.116863247780561230e-02 0.000000000000000000e+00
1.137627285823430978e-02 0.000000000000000000e+00
1.158777356155126122e-02 0.000000000000000000e+00
1.180320635651729844e-02 0.000000000000000000e+00
1.202264434617413176e-02 0.000000000000000000e+00
1.224616199265048978e-02 0.000000000000000000e+00
1.247383514242943192e-02 0.000000000000000000e+00
1.270574105208541887e-02 0.000000000000000000e+00
1.294195841449986319e-02 0.000000000000000000e+00
1.318256738556407466e-02 0.000000000000000000e+00
1.342764961137864199e-02 0.000000000000000000e+00
1.367728825595849497e-02 0.000000000000000000e+00
1.393156802945303557e-02 0.000000000000000000e+00
1.419057521689092577e-02 0.000000000000000000e+00
1.445439770745927249e-02 0.000000000000000000e+00
1.472312502432718620e-02 0.000000000000000000e+00
1.499684835502373276e-02 0.000000000000000000e+00
1.527566058238072344e-02 0.000000000000000000e+00
1.555965631605074270e-02 0.000000000000000000e+00
1.584893192461113431e-02 0.000000000000000000e+00
1.614358556826486074e-02 0.000000000000000000e+00
1.644371723214931372e-02 0.000000000000000000e+00
1.674942876026437252e-02 0.000000000000000000e+00
1.706082389003123548e-02 0.000000000000000000e+00
1.737800828749375484e-02 0.000000000000000000e+00
1.770108958317421002e-02 0.000000000000000000e+00
1.803017740859568993e-02 0.000000000000000000e+00
1.836538343348346342e-02 0.000000000000000000e+00
1.870682140365800480e-02 0.000000000000000000e+00
1.905460717963247327e-02 0.000000000000000000e+00
1.940885877592778141e-02 0.000000000000000000e+00
1.976969640111861035e-02 0.000000000000000000e+00
2.013724249862388488e-02 0.000000000000000000e+00
2.051162178825565591e-02 0.000000000000000000e+00
2.089296130854039618e-02 0.000000000000000000e+00
2.128139045982712155e-02 0.000000000000000000e+00
2.167704104819695096e-02 1.784356371191546424e-09
2.208004733018900309e-02 4.016379788069833097e-08
2.249054605835781526e-02 1.755719154240727243e-07
2.290867652767773419e-02 4.634023335212526139e-07
2.333458062281003331e-02 9.533610736267949408e-07
2.376840286624877160e-02 1.689900293784469627e-06
2.421029046736178705e-02 2.712622324168155694e-06
2.466039337234339837e-02 4.056655934325745238e-06
2.511886431509580825e-02 5.753006644179555505e-06
2.558585886905645132e-02 7.828882774987878538e-06
2.606153549998894980e-02 1.030799882815782406e-05
2.654605561975538833e-02 1.321085767836919711e-05
2.703958364108843479e-02 1.655501297261146963e-05
2.754228703338166065e-02 2.035531303782851545e-05
2.805433637951713216e-02 2.462412751666096070e-05
2.857590543374946557e-02 2.937155787301675103e-05
2.910717118066605269e-02 3.460563283598202047e-05
2.964831389524342359e-02 4.033248978241667676e-05
3.019951720402016052e-02 4.655654299461053756e-05
3.076096814740707924e-02 5.328063966910168890e-05
3.133285724315585524e-02 6.050620449699134148e-05
3.191537855100761573e-02 6.823337358302543137e-05
3.250872973854343484e-02 7.646111842161309037e-05
3.311311214825911342e-02 8.518736060172268595e-05
3.372873086588688840e-02 9.440907786930961647e-05
3.435579478998746633e-02 1.041224021350117221e-04
3.499451670283573040e-02 1.143227099774171560e-04
3.564511334262442793e-02 1.250047061560714812e-04
3.630780547701013827e-02 1.361625006151761055e-04
3.698281797802662613e-02 1.477896794278251488e-04
3.767037989839089329e-02 1.598793701009867008e-04
3.837072454922788034e-02 1.724243016341796438e-04
3.908408957924021376e-02 1.854168596993192354e-04
3.981071705534973415e-02 1.988491372842975569e-04
4.055085354483839444e-02 2.127129811216094037e-04
4.130475019901614503e-02 2.270000342007124814e-04
4.207266283844442178e-02 2.417017746442793409e-04
4.285485203974396390e-02 2.568095512091748077e-04
4.365158322401661156e-02 2.723146156558459196e-04
4.446312674691088596e-02 2.882081522140283038e-04
4.528975799036209088e-02 3.044813043564362676e-04
4.613175745603795286e-02 3.211251990789937001e-04
4.698941086052153132e-02 3.381309688720156195e-04
4.786300923226382426e-02 3.554897715550015404e-04
4.875284901033862667e-02 3.731928081346982669e-04
4.965923214503360078e-02 3.912313388376425366e-04
5.058246620031139895e-02 4.095966974546214816e-04
5.152286445817564481e-02 4.282803041290727955e-04
5.248074602497725810e-02 4.472736767084839384e-04
5.345643593969716389e-02 4.665684407730333024e-04
5.445026528424212059e-02 4.861563384449162561e-04
5.546257129579107437e-02 5.060292360767103346e-04
5.649369748123025253e-02 5.261791309092874163e-04
5.754399373371569398e-02 5.465981567835036335e-04
5.861381645140287949e-02 5.672785889837096219e-04
5.970352865838369355e-02 5.882128482865367838e-04
6.081350012787179599e-02 6.093935042824154789e-04
6.194410750767814777e-02 6.308132780317607336e-04
6.309573444801933051e-02 6.524650441150003574e-04
6.426877173170197910e-02 6.743418321304140133e-04
6.546361740672750062e-02 6.964368276892906251e-04
6.668067692136221691e-02 7.187433729546080464e-04
6.792036326171846383e-02 7.412549667678987016e-04
6.918309709189365830e-02 7.639652644016175923e-04
7.046930689671471182e-02 7.868680769753227380e-04
7.177942912713618229e-02 8.099573705703445219e-04
7.311390834834176344e-02 8.332272650721780438e-04
7.447319739059891919e-02 8.566720327724992867e-04
7.585775750291839925e-02 8.802860967545493402e-04
7.726805850957024768e-02 9.040640290902537480e-04
7.870457896950988630e-02 9.280005488686313229e-04
8.016780633876793849e-02 9.520905200792595521e-04
8.165823713585926291e-02 9.763289493684645329e-04
8.317637711026708291e-02 1.000710983688162751e-03
8.472274141405963799e-02 1.025231907852183549e-03
8.629785477669701943e-02 1.049887142016993000e-03
8.790225168308841985e-02 1.074672239100315325e-03
8.953647655495937385e-02 1.099582882151385133e-03
9.120108393559096804e-02 1.124614881685005729e-03
9.289663867799362318e-02 1.149764172991146749e-03
9.462371613657930003e-02 1.175026813429601693e-03
9.638290236239704933e-02 1.200398969439947896e-03
9.817479430199843593e-02 1.225876900754712014e-03
1.000000000000000056e-01 1.251457071900421037e-03
1.018591388054116975e-01 1.277135974768326592e-03
1.037528415818012584e-01 1.302910240248151023e-03
1.056817509213658496e-01 1.328776592834553195e-03
1.076465213629834994e-01 1.354731864931228713e-03
1.096478196143185063e-01 1.380772989020759983e-03
1.116863247780561230e-01 1.406896994781460476e-03
1.137627285823430978e-01 1.433101006117332545e-03
1.158777356155126226e-01 1.459382236009467131e-03
1.180320635651729844e-01 1.485737994809139140e-03
1.202264434617413141e-01 1.512165673950634660e-03
1.224616199265048944e-01 1.538662748379998699e-03
1.247383514242943192e-01 1.565226779204990318e-03
1.270574105208542026e-01 1.591855405387954201e-03
1.294195841449986284e-01 1.618546343998092168e-03
1.318256738556407293e-01 1.645297371181267572e-03
1.342764961137864199e-01 1.672106354264542207e-03
1.367728825595849462e-01 1.698971247779587287e-03
1.393156802945303419e-01 1.725890042966669174e-03
1.419057521689092716e-01 1.752860819867645744e-03
1.445439770745927943e-01 1.779881709108972580e-03
1.472312502432719383e-01 1.806950900101114395e-03
1.499684835502373970e-01 1.834066659360426583e-03
1.527566058238073177e-01 1.861227301971463480e-03
1.555965631605074895e-01 1.888431204329095404e-03
1.584893192461114264e-01 1.915676789381851172e-03
1.614358556826487046e-01 1.942962539110397934e-03
1.644371723214932413e-01 1.970286993048996679e-03
1.674942876026438154e-01 1.997648733799130272e-03
1.706082389003124311e-01 2.025046391976505038e-03
1.737800828749376247e-01 2.052478645621937364e-03
1.770108958317422043e-01 2.079944221834050064e-03
1.803017740859569895e-01 2.107441882067655724e-03
1.836538343348347313e-01 2.134970427832494182e-03
1.870682140365801660e-01 2.162528729534379888e-03
1.905460717963248229e-01 2.190115670046471723e-03
1.940885877592779252e-01 2.217730186427945786e-03
1.976969640111861937e-01 2.245371240867522454e-03
2.013724249862389459e-01 2.273037833019627123e-03
2.051162178825564619e-01 2.300729004444965718e-03
2.089296130854038647e-01 2.328443821738571205e-03
2.128139045982711253e-01 2.356181390616031001e-03
2.167704104819694055e-01 2.383940842258012224e-03
2.208004733018899268e-01 2.411721350299561410e-03
2.249054605835780485e-01 2.439522093964783828e-03
2.290867652767772378e-01 2.467342307461546213e-03
2.333458062281001943e-01 2.495181235020516898e-03
2.376840286624875842e-01 2.523038154318721880e-03
2.421029046736177526e-01 2.550912366902541566e-03
2.466039337234338658e-01 2.578803197242200175e-03
2.511886431509579576e-01 2.606709979627606921e-03
2.558585886905645479e-01 2.634632106426394206e-03
2.606153549998895258e-01 2.662568966046111735e-03
2.654605561975538763e-01 2.690519976153156294e-03
2.703958364108843271e-01 2.718484573761678538e-03
2.754228703338166273e-01 2.746462212480520887e-03
2.805433637951713077e-01 2.774452367576327617e-03
2.857590543374946557e-01 2.802454535840952568e-03
2.910717118066605269e-01 2.830468231974454449e-03
2.964831389524342220e-01 2.858492987327328639e-03
3.019951720402015982e-01 2.886528320248923484e-03
3.076096814740708063e-01 2.914573826323083473e-03
3.133285724315585385e-01 2.942629073357317174e-03
3.191537855100761711e-01 2.970693651993135641e-03
3.250872973854344039e-01 2.998767173021992406e-03
3.311311214825911065e-01 3.026849252071557497e-03
3.372873086588689118e-01 3.054939532396372653e-03
3.435579478998746494e-01 3.083037650245628453e-03
3.499451670283573179e-01 3.111143269517545242e-03
3.564511334262442932e-01 3.139256065118808774e-03
3.630780547701014105e-01 3.167375727143631383e-03
3.698281797802662751e-01 3.195501942260374224e-03
3.767037989839089329e-01 3.223634423606067285e-03
3.837072454922788589e-01 3.251772875332308802e-03
3.908408957924021099e-01 3.279917043723378899e-03
3.981071705534973137e-01 3.308066634856357286e-03
4.055085354483839444e-01 3.336221457135783112e-03
4.130475019901614364e-01 3.364381189718084614e-03
4.207266283844441901e-01 3.392545639883169737e-03
4.285485203974396251e-01 3.420714573232834944e-03
4.365158322401661017e-01 3.448887765300260103e-03
4.446312674691088040e-01 3.477065011780313807e-03
4.528975799036208949e-01 3.505246104100920648e-03
4.613175745603795286e-01 3.533430846720889747e-03
4.698941086052155769e-01 3.561619050704305147e-03
4.786300923226385340e-01 3.589810404008511677e-03
4.875284901033865026e-01 3.618005027774721417e-03
4.965923214503362715e-01 3.646202579128234814e-03
5.058246620031142671e-01 3.674402738880693398e-03
5.152286445817566563e-01 3.702605549271621981e-03
5.248074602497728725e-01 3.730810811229006048e-03
5.345643593969718887e-01 3.759018348820991878e-03
5.445026528424214973e-01 3.787228020998267917e-03
5.546257129579110767e-01 3.815439667958256311e-03
5.649369748123028723e-01 3.843653151382847057e-03
5.754399373371572590e-01 3.871868306463363031e-03
5.861381645140291141e-01 3.900084973595379940e-03
5.970352865838371992e-01 3.928303003185339322e-03
6.081350012787182235e-01 3.956523527342502983e-03
6.194410750767818108e-01 3.984745857797407365e-03
6.309573444801935826e-01 4.012968620065826379e-03
6.426877173170200130e-01 4.041192548611276074e-03
6.546361740672747009e-01 4.069417516835070921e-03
6.668067692136219193e-01 4.097643399446880726e-03
6.792036326171843053e-01 4.125869867499578139e-03
6.918309709189363055e-01 4.154097299311377590e-03
7.046930689671466741e-01 4.182325158261339555e-03
7.177942912713615176e-01 4.210553747229183602e-03
7.311390834834172736e-01 4.238782626020793330e-03
7.447319739059888866e-01 4.267012023066640326e-03
7.585775750291835484e-01 4.295241581197031464e-03
7.726805850957021438e-01 4.323471504897890595e-03
7.870457896950984189e-01 4.351701553089720211e-03
8.016780633876789963e-01 4.379931600489495036e-03
8.165823713585922405e-01 4.408161614605443646e-03
8.317637711026708569e-01 4.436392790399834932e-03
8.472274141405963244e-01 4.464623368643955668e-03
8.629785477669701388e-01 4.492853912241378568e-03
8.790225168308842818e-01 4.521084081409445024e-03
8.953647655495937663e-01 4.549314049630519795e-03
9.120108393559096527e-01 4.577543878230173370e-03
9.289663867799362595e-01 4.605773224229557303e-03
9.462371613657929448e-01 4.634002325745363755e-03
9.638290236239704933e-01 4.662230917507158637e-03
9.817479430199843593e-01 4.690459082187858203e-03
1.000000000000000000e+00 4.718686813285973003e-03
1.018591388054116864e+00 4.746913990837377598e-03
1.037528415818012695e+00 4.775140548480459601e-03
1.056817509213658468e+00 4.803366481064920424e-03
1.076465213629834938e+00 4.831591722545309706e-03
1.096478196143185091e+00 4.859816281267507858e-03
1.116863247780561119e+00 4.888040527934336618e-03
1.137627285823431089e+00 4.916263928719508125e-03
1.158777356155126226e+00 4.944486404808220471e-03
1.180320635651729733e+00 4.972708179972024425e-03
1.202264434617413169e+00 5.000929147041188565e-03
1.224616199265048833e+00 5.029149185012401352e-03
1.247383514242943248e+00 5.057368334402300575e-03
1.270574105208541971e+00 5.085586605908328298e-03
1.294195841449986339e+00 5.113803884773671093e-03
1.318256738556407459e+00 5.142020266198631465e-03
1.342764961137864255e+00 5.170235593700001075e-03
1.367728825595849518e+00 5.198449917852023504e-03
1.393156802945303641e+00 5.226663269099072334e-03
1.419057521689092605e+00 5.254875476900058504e-03
1.445439770745927888e+00 5.283086673042913274e-03
1.472312502432719272e+00 5.311296754197606350e-03
1.499684835502373970e+00 5.339505728351429982e-03
1.527566058238073232e+00 5.367713789070685179e-03
1.555965631605074950e+00 5.395920589055468695e-03
1.584893192461114042e+00 5.424126285962569197e-03
1.614358556826486879e+00 5.452330684016886558e-03
1.644371723214932413e+00 5.480534001000210778e-03
1.674942876026438210e+00 5.508736083013813893e-03
1.706082389003124256e+00 5.536936909156007537e-03
1.737800828749376247e+00 5.565136566178694247e-03
1.770108958317422099e+00 5.593334903425659088e-03
1.803017740859569784e+00 5.621532045615183770e-03
1.836538343348347313e+00 5.649727836174269803e-03
1.870682140365801605e+00 5.677922469052027431e-03
1.905460717963248340e+00 5.706115685039044039e-03
1.940885877592779307e+00 5.734307689446676085e-03
1.976969640111861937e+00 5.762498298026250826e-03
2.013724249862389293e+00 5.790687619724981493e-03
2.051162178825566951e+00 5.818875660143658750e-03
2.089296130854040978e+00 5.847062326422231351e-03
2.128139045982713196e+00 5.875247665718917600e-03
2.167704104819693889e+00 5.903431628744686306e-03
2.208004733018899213e+00 5.931614212390952899e-03
2.249054605835780318e+00 5.959795398876865068e-03
2.290867652767772267e+00 5.987975237181919486e-03
2.333458062281001943e+00 6.016153660642469328e-03
2.376840286624875898e+00 6.044330711119505831e-03
2.421029046736177470e+00 6.072506307248318018e-03
2.466039337234338547e+00 6.100680523918278371e-03
2.511886431509579687e+00 6.128853282069911777e-03
2.558585886905645257e+00 6.157024692413345067e-03
2.606153549998894814e+00 6.185194557534360454e-03
2.654605561975539096e+00 6.213363010431858027e-03
2.703958364108843160e+00 6.241530042889740712e-03
2.754228703338166273e+00 6.269695611670642564e-03
2.805433637951713077e+00 6.297859819481523708e-03
2.857590543374946446e+00 6.326022488308335329e-03
2.910717118066604936e+00 6.354183648116303040e-03
2.964831389524342331e+00 6.382343408705682536e-03
3.019951720402016093e+00 6.410501698175772277e-03
3.076096814740707952e+00 6.438658492826800084e-03
3.133285724315585608e+00 6.466813796268229379e-03
3.191537855100761600e+00 6.494967626479790715e-03
3.250872973854343595e+00 6.523119945211432527e-03
3.311311214825911176e+00 6.551270783078692699e-03
3.372873086588688896e+00 6.579420113629455558e-03
3.435579478998746605e+00 6.607567964371567799e-03
3.499451670283573179e+00 6.635714271864120647e-03
3.564511334262442599e+00 6.663859110045378467e-03
3.630780547701013994e+00 6.692002408415922456e-03
3.698281797802662751e+00 6.720144210850773417e-03
3.767037989839089107e+00 6.748284502350964005e-03
3.837072454922788367e+00 6.776423285843242474e-03
3.908408957924021099e+00 6.804560544104438016e-03
3.981071705534973137e+00 6.832696260528592705e-03
4.055085354483838778e+00 6.860830466347339271e-03
4.130475019901614253e+00 6.888963131462526313e-03
4.207266283844441901e+00 6.917094277310393766e-03
4.285485203974396029e+00 6.945223880760843967e-03
4.365158322401661017e+00 6.973351957139507437e-03
4.446312674691088596e+00 7.001478489433247618e-03
4.528975799036208727e+00 7.029603374480592956e-03
4.613175745603795619e+00 7.057726228128133848e-03
4.698941086052156102e+00 7.085846617625869530e-03
4.786300923226384896e+00 7.113964177537564909e-03
4.875284901033865026e+00 7.142078549266407152e-03
4.965923214503362715e+00 7.170189423294034796e-03
5.058246620031142449e+00 7.198296502153533893e-03
5.152286445817567007e+00 7.226399541941663958e-03
5.248074602497728058e+00 7.254498294403600306e-03
5.345643593969719554e+00 7.282592539857444397e-03
5.445026528424214085e+00 7.310682086740305681e-03
5.546257129579109879e+00 7.338766770901184074e-03
5.649369748123028501e+00 7.366846430565187481e-03
5.754399373371572146e+00 7.394920931314779775e-03
5.861381645140290253e+00 7.422990151699480205e-03
5.970352865838371770e+00 7.451053990844661544e-03
6.081350012787182457e+00 7.479112344783862484e-03
6.194410750767818108e+00 7.507165142342085706e-03
6.309573444801936049e+00 7.535212310392758704e-03
6.426877173170200130e+00 7.563253789378623047e-03
6.546361740672753449e+00 7.591289540634402894e-03
6.668067692136225411e+00 7.619319520022703983e-03
6.792036326171849936e+00 7.647343698093485818e-03
6.918309709189363055e+00 7.675362053514037629e-03
7.046930689671467185e+00 7.703374581082120601e-03
7.177942912713614732e+00 7.731381257981381760e-03
7.311390834834172736e+00 7.759382084889385883e-03
7.447319739059888200e+00 7.787377066506131172e-03
7.585775750291835706e+00 7.815366211985676215e-03
7.726805850957020994e+00 7.843349529196151637e-03
7.870457896950984633e+00 7.871327040242728432e-03
8.016780633876789963e+00 7.899298760635614300e-03
8.165823713585922405e+00 7.927264715740138870e-03
8.317637711026709013e+00 7.955224931767517632e-03
8.472274141405963022e+00 7.983179438322201421e-03
8.629785477669701166e+00 8.011128266877892354e-03
8.790225168308841930e+00 8.039071449850849344e-03
8.953647655495936775e+00 8.067009024878198445e-03
9.120108393559096527e+00 8.094941025933190953e-03
9.289663867799362151e+00 8.122867494080823758e-03
9.462371613657929004e+00 8.150788471212777955e-03
9.638290236239704711e+00 8.178703995366728985e-03
9.817479430199844259e+00 8.206614108530086923e-03
1.000000000000000000e+01 8.234518851850274046e-03
