1.000000000000000021e-03 1.973269601999999924e+104
1.018591388054116949e-03 1.973269601999999924e+104
1.037528415818012636e-03 1.973269601999999924e+104
1.056817509213658478e-03 1.973269601999999924e+104
1.076465213629834933e-03 1.973269601999999924e+104
1.096478196143185150e-03 1.973269601999999924e+104
1.116863247780561100e-03 1.973269601999999924e+104
1.137627285823430891e-03 1.973269601999999924e+104
1.158777356155126165e-03 1.973269601999999924e+104
1.180320635651729714e-03 1.973269601999999924e+104
1.202264434617413003e-03 1.973269601999999924e+104
1.224616199265048892e-03 1.973269601999999924e+104
1.247383514242943279e-03 1.973269601999999924e+104
1.270574105208541974e-03 1.973269601999999924e+104
1.294195841449986232e-03 1.973269601999999924e+104
1.318256738556407509e-03 1.973269601999999924e+104
1.342764961137864156e-03 1.973269601999999924e+104
1.367728825595849410e-03 1.973269601999999924e+104
1.393156802945303557e-03 1.973269601999999924e+104
1.419057521689092577e-03 1.973269601999999924e+104
1.445439770745927987e-03 1.973269601999999924e+104
1.472312502432719271e-03 1.973269601999999924e+104
1.499684835502374143e-03 1.973269601999999924e+104
1.527566058238073168e-03 1.973269601999999924e+104
1.555965631605074964e-03 1.973269601999999924e+104
1.584893192461114082e-03 1.973269601999999924e+104
1.614358556826487028e-03 1.973269601999999924e+104
1.644371723214932326e-03 1.973269601999999924e+104
1.674942876026438250e-03 1.973269601999999924e+104
1.706082389003124242e-03 1.973269601999999924e+104
1.737800828749376265e-03 1.973269601999999924e+104
1.770108958317422000e-03 1.973269601999999924e+104
1.803017740859569947e-03 1.973269601999999924e+104
1.836538343348347339e-03 1.973269601999999924e+104
1.870682140365801695e-03 1.973269601999999924e+104
1.905460717963248195e-03 1.973269601999999924e+104
1.940885877592779312e-03 1.973269601999999924e+104
1.976969640111860081e-03 1.973269601999999924e+104
2.013724249862387447e-03 1.973269601999999924e+104
2.051162178825564637e-03 1.973269601999999924e+104
2.089296130854038577e-03 1.973269601999999924e+104
2.128139045982711374e-03 1.973269601999999924e+104
2.167704104819694055e-03 1.973269601999999924e+104
2.208004733018899008e-03 1.973269601999999924e+104
2.249054605835780311e-03 1.973269601999999924e+104
2.290867652767772378e-03 1.973269601999999924e+104
2.333458062281002030e-03 1.973269601999999924e+104
2.376840286624876033e-03 1.973269601999999924e+104
2.421029046736177751e-03 1.973269601999999924e+104
2.466039337234338710e-03 1.973269601999999924e+104
2.511886431509579437e-03 1.973269601999999924e+104
2.558585886905645219e-03 1.973269601999999924e+104
2.606153549998894894e-03 1.973269601999999924e+104
2.654605561975539006e-03 1.973269601999999924e+104
2.703958364108843566e-03 1.973269601999999924e+104
2.754228703338165978e-03 1.973269601999999924e+104
2.805433637951713129e-03 1.973269601999999924e+104
2.857590543374946730e-03 1.973269601999999924e+104
2.910717118066605269e-03 1.973269601999999924e+104
2.964831389524342272e-03 1.973269601999999924e+104
3.019951720402016138e-03 1.973269601999999924e+104
3.076096814740708011e-03 1.973269601999999924e+104
3.133285724315585784e-03 1.973269601999999924e+104
3.191537855100761399e-03 1.973269601999999924e+104
3.250872973854343657e-03 1.973269601999999924e+104
3.311311214825910908e-03 1.973269601999999924e+104
3.372873086588689100e-03 1.973269601999999924e+104
3.435579478998746286e-03 1.973269601999999924e+104
3.499451670283573214e-03 1.973269601999999924e+104
3.564511334262442620e-03 1.973269601999999924e+104
3.630780547701014001e-03 1.973269601999999924e+104
3.698281797802662786e-03 1.973269601999999924e+104
3.767037989839089156e-03 1.973269601999999924e+104
3.837072454922788207e-03 1.973269601999999924e+104
3.908408957924020856e-03 1.973269601999999924e+104
3.981071705534973415e-03 1.973269601999999924e+104
4.055085354483838923e-03 1.973269601999999924e+104
4.130475019901614850e-03 1.973269601999999924e+104
4.207266283844442178e-03 1.973269601999999924e+104
4.285485203974396737e-03 1.973269601999999924e+104
4.365158322401660983e-03 1.973269601999999924e+104
4.446312674691088596e-03 1.973269601999999924e+104
4.528975799036208914e-03 1.973269601999999924e+104
4.613175745603795459e-03 1.973269601999999924e+104
4.698941086052155734e-03 1.973269601999999924e+104
4.786300923226385375e-03 1.973269601999999924e+104
4.875284901033865269e-03 1.973269601999999924e+104
4.965923214503362680e-03 1.973269601999999924e+104
5.058246620031137293e-03 1.973269601999999924e+104
5.152286445817561532e-03 1.973269601999999924e+104
5.248074602497722861e-03 1.973269601999999924e+104
5.345643593969713440e-03 1.973269601999999924e+104
5.445026528424209283e-03 1.973269601999999924e+104
5.546257129579105008e-03 1.973269601999999924e+104
5.649369748123022304e-03 1.973269601999999924e+104
5.754399373371566623e-03 1.973269601999999924e+104
5.861381645140284653e-03 1.973269601999999924e+104
5.970352865838366233e-03 1.973269601999999924e+104
6.081350012787175956e-03 1.973269601999999924e+104
6.194410750767811655e-03 1.973269601999999924e+104
6.309573444801930275e-03 1.973269601999999924e+104
6.426877173170193573e-03 1.973269601999999924e+104
6.546361740672746767e-03 1.973269601999999924e+104
6.668067692136218742e-03 1.973269601999999924e+104
6.792036326171843434e-03 1.973269601999999924e+104
6.918309709189362708e-03 1.973269601999999924e+104
7.046930689671467365e-03 1.973269601999999924e+104
7.177942912713615280e-03 1.973269601999999924e+104
7.311390834834172354e-03 1.973269601999999924e+104
7.447319739059888796e-03 1.973269601999999924e+104
7.585775750291835935e-03 1.973269601999999924e+104
7.726805850957021646e-03 1.973269601999999924e+104
7.870457896950984814e-03 1.973269601999999924e+104
8.016780633876788992e-03 1.973269601999999924e+104
8.165823713585922128e-03 1.973269601999999924e+104
8.317637711026708985e-03 1.973269601999999924e+104
8.472274141405963452e-03 1.973269601999999924e+104
8.629785477669701596e-03 1.973269601999999924e+104
8.790225168308843026e-03 1.973269601999999924e+104
8.953647655495937385e-03 1.973269601999999924e+104
9.120108393559096804e-03 1.973269601999999924e+104
9.289663867799363706e-03 1.973269601999999924e+104
9.462371613657928962e-03 1.973269601999999924e+104
9.638290236239705627e-03 1.973269601999999924e+104
9.817479430199843246e-03 1.973269601999999924e+104
1.000000000000000021e-02 1.973269601999999924e+104
1.018591388054116906e-02 1.973269601999999924e+104
1.037528415818012723e-02 1.973269601999999924e+104
1.056817509213658565e-02 1.973269601999999924e+104
1.076465213629834890e-02 1.973269601999999924e+104
1.096478196143185063e-02 1.973269601999999924e+104
1.116863247780561230e-02 1.973269601999999924e+104
1.137627285823430978e-02 1.973269601999999924e+104
1.158777356155126122e-02 1.973269601999999924e+104
1.180320635651729844e-02 1.973269601999999924e+104
1.202264434617413176e-02 1.973269601999999924e+104
1.224616199265048978e-02 1.973269601999999924e+104
1.247383514242943192e-02 1.973269601999999924e+104
1.270574105208541887e-02 1.973269601999999924e+104
1.294195841449986319e-02 1.973269601999999924e+104
1.318256738556407466e-02 1.973269601999999924e+104
1.342764961137864199e-02 1.973269601999999924e+104
1.367728825595849497e-02 1.973269601999999924e+104
1.393156802945303557e-02 1.973269601999999924e+104
1.419057521689092577e-02 1.973269601999999924e+104
1.445439770745927249e-02 1.973269601999999924e+104
1.472312502432718620e-02 1.973269601999999924e+104
1.499684835502373276e-02 1.973269601999999924e+104
1.527566058238072344e-02 1.973269601999999924e+104
1.555965631605074270e-02 1.973269601999999924e+104
1.584893192461113431e-02 1.973269601999999924e+104
1.614358556826486074e-02 1.973269601999999924e+104
1.644371723214931372e-02 1.973269601999999924e+104
1.674942876026437252e-02 1.973269601999999924e+104
1.706082389003123548e-02 1.973269601999999924e+104
1.737800828749375484e-02 1.973269601999999924e+104
1.770108958317421002e-02 1.973269601999999924e+104
1.803017740859568993e-02 1.973269601999999924e+104
1.836538343348346342e-02 1.973269601999999924e+104
1.870682140365800480e-02 1.973269601999999924e+104
1.905460717963247327e-02 1.973269601999999924e+104
1.940885877592778141e-02 1.973269601999999924e+104
1.976969640111861035e-02 1.973269601999999924e+104
2.013724249862388488e-02 1.973269601999999924e+104
2.051162178825565591e-02 1.973269601999999924e+104
2.089296130854039618e-02 1.973269601999999924e+104
2.128139045982712155e-02 1.973269601999999924e+104
2.167704104819695096e-02 2.144216939350764267e+06
2.208004733018900309e-02 2.524837226367507537e+05
2.249054605835781526e-02 8.862688811360292311e+04
2.290867652767773419e-02 4.353659945169947605e+04
2.333458062281003331e-02 2.524400833305933702e+04
2.376840286624877160e-02 1.616111640563007131e+04
2.421029046736178705e-02 1.105045896536920736e+04
2.466039337234339837e-02 7.918956969706660857e+03
2.511886431509580825e-02 5.877640562076759124e+03
2.558585886905645132e-02 4.482965713332314408e+03
2.606153549998894980e-02 3.494307528812817054e+03
2.654605561975538833e-02 2.772354868725108190e+03
2.703958364108843479e-02 2.232144591102215145e+03
2.754228703338166065e-02 1.819603419043247413e+03
2.805433637951713216e-02 1.499071866735338972e+03
2.857590543374946557e-02 1.246314720771886414e+03
2.910717118066605269e-02 1.044429891474824672e+03
2.964831389524342359e-02 8.813623889604754140e+02
3.019951720402016052e-02 7.483419428399326989e+02
3.076096814740707924e-02 6.388838174409402200e+02
3.133285724315585524e-02 5.481089011480833051e+02
3.191537855100761573e-02 4.723013457568000604e+02
3.250872973854343484e-02 4.085945824811572038e+02
3.311311214825911342e-02 3.547523326658301812e+02
3.372873086588688840e-02 3.090122110941348410e+02
3.435579478998746633e-02 2.699723834980095489e+02
3.499451670283573040e-02 2.365083205576874263e+02
3.564511334262442793e-02 2.077109031557330923e+02
3.630780547701013827e-02 1.828398812902030102e+02
3.698281797802662613e-02 1.612885123595646064e+02
3.767037989839089329e-02 1.425564337875128160e+02
3.837072454922788034e-02 1.262286659229667549e+02
3.908408957924021376e-02 1.119592243306205859e+02
3.981071705534973415e-02 9.945823012577416478e+01
4.055085354483839444e-02 8.848169799875246611e+01
4.130475019901614503e-02 7.882339061036122985e+01
4.207266283844442178e-02 7.030827975068088165e+01
4.285485203974396390e-02 6.278726582148620139e+01
4.365158322401661156e-02 5.613288940358734891e+01
4.446312674691088596e-02 5.023582996982612059e+01
4.528975799036209088e-02 4.500203288616305031e+01
4.613175745603795286e-02 4.035034074857576059e+01
4.698941086052153132e-02 3.621053173293147864e+01
4.786300923226382426e-02 3.252168808974921177e+01
4.875284901033862667e-02 2.923083372896797272e+01
4.965923214503360078e-02 2.629179214020660638e+01
5.058246620031139895e-02 2.366422551714947531e+01
5.152286445817564481e-02 2.131282352638230293e+01
5.248074602497725810e-02 1.920661614896915736e+01
5.345643593969716389e-02 1.731838978357645686e+01
5.445026528424212059e-02 1.562418960231989118e+01
5.546257129579107437e-02 1.410289420194692944e+01
5.649369748123025253e-02 1.273585105253972927e+01
5.754399373371569398e-02 1.150656323696123806e+01
5.861381645140287949e-02 1.040041959233845326e+01
5.970352865838369355e-02 9.404461685391224179e+00
6.081350012787179599e-02 8.507182134716888555e+00
6.194410750767814777e-02 7.698349682116515602e+00
6.309573444801933051e-02 6.968857148213866815e+00
6.426877173170197910e-02 6.310589014422934184e+00
6.546361740672750062e-02 5.716305877119425283e+00
6.668067692136221691e-02 5.179543439468542232e+00
6.792036326171846383e-02 4.694524056864747052e+00
6.918309709189365830e-02 4.256079145581668222e+00
7.046930689671471182e-02 3.859581010907014775e+00
7.177942912713618229e-02 3.500882858856224189e+00
7.311390834834176344e-02 3.176265931052858260e+00
7.447319739059891919e-02 2.882392850970357134e+00
7.585775750291839925e-02 2.616266395838090730e+00
7.726805850957024768e-02 2.375193015851950307e+00
7.870457896950988630e-02 2.156750513791074741e+00
8.016780633876793849e-02 1.958759376367652738e+00
8.165823713585926291e-02 1.779257315595852429e+00
8.317637711026708291e-02 1.616476635935720330e+00
8.472274141405963799e-02 1.468824092402615911e+00
8.629785477669701943e-02 1.334862947411235679e+00
8.790225168308841985e-02 1.213296970888152915e+00
8.953647655495937385e-02 1.102956159978538020e+00
9.120108393559096804e-02 1.002783982217153591e+00
9.289663867799362318e-02 9.118259699411129793e-01
9.462371613657930003e-02 8.292141940593225069e-01
9.638290236239704933e-02 7.541799829051472059e-01
9.817479430199843593e-02 6.860120174942080373e-01
1.000000000000000056e-01 6.240721286171291293e-01
1.018591388054116975e-01 5.677827381672994056e-01
1.037528415818012584e-01 5.166209394125983456e-01
1.056817509213658496e-01 4.701131775518313516e-01
1.076465213629834994e-01 4.278304667890656110e-01
1.096478196143185063e-01 3.893840873173070594e-01
1.116863247780561230e-01 3.544217119063434174e-01
1.137627285823430978e-01 3.226239173443128383e-01
1.158777356155126226e-01 2.937010408912369419e-01
1.180320635651729844e-01 2.673903462367504535e-01
1.202264434617413141e-01 2.434534672908277575e-01
1.224616199265048944e-01 2.216741015336984588e-01
1.247383514242943192e-01 2.018559276648831113e-01
1.270574105208542026e-01 1.838207249638373342e-01
1.294195841449986284e-01 1.674066741512180156e-01
1.318256738556407293e-01 1.524668216520347896e-01
1.342764961137864199e-01 1.388676910424622435e-01
1.367728825595849462e-01 1.264880271368219733e-01
1.393156802945303419e-01 1.152176596653429058e-01
1.419057521689092716e-01 1.049564748261363895e-01
1.445439770745927943e-01 9.561348418500273394e-02
1.472312502432719383e-01 8.710598146073561532e-02
1.499684835502373970e-01 7.935877868553982417e-02
1.527566058238073177e-01 7.230351408142662861e-02
1.555965631605074895e-01 6.587802475710495542e-02
1.584893192461114264e-01 6.002577801336052982e-02
1.614358556826487046e-01 5.469535565841560781e-02
1.644371723214932413e-01 4.983998628532720909e-02
1.674942876026438154e-01 4.541712095781370861e-02
1.706082389003124311e-01 4.138804819502326510e-02
1.737800828749376247e-01 3.771754454518778249e-02
1.770108958317422043e-01 3.437355739729169163e-02
1.803017740859569895e-01 3.132691700318425421e-02
1.836538343348347313e-01 2.855107497363950850e-02
1.870682140365801660e-01 2.602186677425842587e-02
1.905460717963248229e-01 2.371729598315451201e-02
1.940885877592779252e-01 2.161733828602464824e-02
1.976969640111861937e-01 1.970376337586797477e-02
2.013724249862389459e-01 1.795997309863408067e-02
2.051162178825564619e-01 1.637085434245636253e-02
2.089296130854038647e-01 1.492264530966636374e-02
2.128139045982711253e-01 1.360281393871025715e-02
2.167704104819694055e-01 1.239994735852116559e-02
2.208004733018899268e-01 1.130365136244728536e-02
2.249054605835780485e-01 1.030445898326229175e-02
2.290867652767772378e-01 9.393747336320147981e-03
2.333458062281001943e-01 8.563661975255770428e-03
2.376840286624875842e-01 7.807048074671203708e-03
2.421029046736177526e-01 7.117387817673514160e-03
2.466039337234338658e-01 6.488743423576259078e-03
2.511886431509579576e-01 5.915705303114013325e-03
2.558585886905645479e-01 5.393344875704727051e-03
2.606153549998895258e-01 4.917171626032266520e-03
2.654605561975538763e-01 4.483094015998158495e-03
2.703958364108843271e-01 4.087383903242021964e-03
2.754228703338166273e-01 3.726644149331987625e-03
2.805433637951713077e-01 3.397779129629640866e-03
2.857590543374946557e-01 3.097967883127425871e-03
2.910717118066605269e-01 2.824639664353570303e-03
2.964831389524342220e-01 2.575451681081190446e-03
3.019951720402015982e-01 2.348268821233132856e-03
3.076096814740708063e-01 2.141145190181780594e-03
3.133285724315585385e-01 1.952307295865291382e-03
3.191537855100761711e-01 1.780138733848589871e-03
3.250872973854344039e-01 1.623166237824095375e-03
3.311311214825911065e-01 1.480046973200482277e-03
3.372873086588689118e-01 1.349556962461547979e-03
3.435579478998746494e-01 1.230580541022741796e-03
3.499451670283573179e-01 1.122100751417681340e-03
3.564511334262442932e-01 1.023190591958138100e-03
3.630780547701014105e-01 9.330050435372459544e-04
3.698281797802662751e-01 8.507738051106728807e-04
3.767037989839089329e-01 7.757946746212351832e-04
3.837072454922788589e-01 7.074275178091718984e-04
3.908408957924021099e-01 6.450887725064094686e-04
3.981071705534973137e-01 5.882464407065570279e-04
4.055085354483839444e-01 5.364155249761717393e-04
4.130475019901614364e-01 4.891538696556852308e-04
4.207266283844441901e-01 4.460583708333243792e-04
4.285485203974396251e-01 4.067615222985513095e-04
4.365158322401661017e-01 3.709282676027751951e-04
4.446312674691088040e-01 3.382531310274533207e-04
4.528975799036208949e-01 3.084576026823519865e-04
4.613175745603795286e-01 2.812877551664162354e-04
4.698941086052155769e-01 2.565120712360867178e-04
4.786300923226385340e-01 2.339194637547735369e-04
4.875284901033865026e-01 2.133174708663303600e-04
4.965923214503362715e-01 1.945306108514594174e-04
5.058246620031142671e-01 1.773988825102040996e-04
5.152286445817566563e-01 1.617763981709782078e-04
5.248074602497728725e-01 1.475301375740408285e-04
5.345643593969718887e-01 1.345388119214221761e-04
5.445026528424214973e-01 1.226918283356190039e-04
5.546257129579110767e-01 1.118883458370762720e-04
5.649369748123028723e-01 1.020364147379378237e-04
5.754399373371572590e-01 9.305219207000813507e-05
5.861381645140291141e-01 8.485922631845713409e-05
5.970352865838371992e-01 7.738780533010446551e-05
6.081350012787182235e-01 7.057436180864371975e-05
6.194410750767818108e-01 6.436093130389892178e-05
6.309573444801935826e-01 5.869465805405748421e-05
6.426877173170200130e-01 5.352734445042499459e-05
6.546361740672747009e-01 4.881504026920214319e-05
6.668067692136219193e-01 4.451766815601976377e-05
6.792036326171843053e-01 4.059868215998550160e-05
6.918309709189363055e-01 3.702475639757423084e-05
7.046930689671466741e-01 3.376550118494194952e-05
7.177942912713615176e-01 3.079320421277109118e-05
7.311390834834172736e-01 2.808259455218977858e-05
7.447319739059888866e-01 2.561062747588515185e-05
7.585775750291835484e-01 2.335628825688950663e-05
7.726805850957021438e-01 2.130041326970831688e-05
7.870457896950984189e-01 1.942552686673826081e-05
8.016780633876789963e-01 1.771569263775532970e-05
8.165823713585922405e-01 1.615637778325900361e-05
8.317637711026708569e-01 1.473432944461547974e-05
8.472274141405963244e-01 1.343746193611821242e-05
8.629785477669701388e-01 1.225475391725660650e-05
8.790225168308842818e-01 1.117615462836908527e-05
8.953647655495937663e-01 1.019249839032901525e-05
9.120108393559096527e-01 9.295426639430313641e-06
9.289663867799362595e-01 8.477316832979105070e-06
9.462371613657929448e-01 7.731217619770324213e-06
9.638290236239704933e-01 7.050789723069527424e-06
9.817479430199843593e-01 6.430252032450950743e-06
1.000000000000000000e+00 5.864332445315300999e-06
1.018591388054116864e+00 5.348223039382902225e-06
1.037528415818012695e+00 4.877539194412709154e-06
1.056817509213658468e+00 4.448282315061869562e-06
1.076465213629834938e+00 4.056805837516636478e-06
1.096478196143185091e+00 3.699784230475056203e-06
1.116863247780561119e+00 3.374184726631848138e-06
1.137627285823431089e+00 3.077241544047296078e-06
1.158777356155126226e+00 2.806432378006452976e-06
1.180320635651729733e+00 2.559456963317335883e-06
1.202264434617413169e+00 2.334217524633902588e-06
1.224616199265048833e+00 2.128800948468497631e-06
1.247383514242943248e+00 1.941462525211855086e-06
1.270574105208541971e+00 1.770611122863511276e-06
1.294195841449986339e+00 1.614795666347134572e-06
1.318256738556407459e+00 1.472692807410747828e-06
1.342764961137864255e+00 1.343095680244472663e-06
1.367728825595849518e+00 1.224903647183115511e-06
1.393156802945303641e+00 1.117112947296398135e-06
1.419057521689092605e+00 1.018808168344039876e-06
1.445439770745927888e+00 9.291544695839639332e-07
1.472312502432719272e+00 8.473904893084819284e-07
1.499684835502373970e+00 7.728218768109131166e-07
1.527566058238073232e+00 7.048153937909127245e-07
1.555965631605074950e+00 6.427935350578083700e-07
1.584893192461114042e+00 5.862296228052033710e-07
1.614358556826486879e+00 5.346433327552235673e-07
1.644371723214932413e+00 4.875966141464297599e-07
1.674942876026438210e+00 4.446899688899001564e-07
1.706082389003124256e+00 4.055590582678639100e-07
1.737800828749376247e+00 3.698716083369928777e-07
1.770108958317422099e+00 3.373245877387269955e-07
1.803017740859569784e+00 3.076416339326891160e-07
1.836538343348347313e+00 2.805707059830471621e-07
1.870682140365801605e+00 2.558819439520540143e-07
1.905460717963248340e+00 2.333657167133518274e-07
1.940885877592779307e+00 2.128308415962947975e-07
1.976969640111861937e+00 1.941029607359708226e-07
2.013724249862389293e+00 1.770230603332419940e-07
2.051162178825566951e+00 1.614461202452135637e-07
2.089296130854040978e+00 1.472398824328963931e-07
2.128139045982713196e+00 1.342837278040468744e-07
2.167704104819693889e+00 1.224676519095787731e-07
2.208004733018899213e+00 1.116913307920880872e-07
2.249054605835780318e+00 1.018632690508641829e-07
2.290867652767772267e+00 9.290002288731903045e-08
2.333458062281001943e+00 8.472549153025132724e-08
2.376840286624875898e+00 7.727027102295208495e-08
2.421029046736177470e+00 7.047106488265850789e-08
2.466039337234338547e+00 6.427014662698492406e-08
2.511886431509579687e+00 5.861486960215905776e-08
2.558585886905645257e+00 5.345721994976481598e-08
2.606153549998894814e+00 4.875340891520289097e-08
2.654605561975539096e+00 4.446350103542368223e-08
2.703958364108843160e+00 4.055107504793651711e-08
2.754228703338166273e+00 3.698291464142105290e-08
2.805433637951713077e+00 3.372872642152177967e-08
2.857590543374946446e+00 3.076088269655847929e-08
2.910717118066604936e+00 2.805418689893069300e-08
2.964831389524342331e+00 2.558565964994813559e-08
3.019951720402016093e+00 2.333434365135000531e-08
3.076096814740707952e+00 2.128112574675232678e-08
3.133285724315585608e+00 1.940857464175860056e-08
3.191537855100761600e+00 1.770079290488435525e-08
3.250872973854343595e+00 1.614328199238302802e-08
3.311311214825911176e+00 1.472281915087112538e-08
3.372873086588688896e+00 1.342734515245767278e-08
3.435579478998746605e+00 1.224586190904316355e-08
3.499451670283573179e+00 1.116833909646869818e-08
3.564511334262442599e+00 1.018562899554750369e-08
3.630780547701013994e+00 9.289388826929516187e-09
3.698281797802662751e+00 8.472009920316450396e-09
3.767037989839089107e+00 7.726553116605563236e-09
3.837072454922788367e+00 7.046689854440244055e-09
3.908408957924021099e+00 6.426648440968319970e-09
3.981071705534973137e+00 5.861165050583666922e-09
4.055085354483838778e+00 5.345439035588789271e-09
4.130475019901614253e+00 4.875092169346653786e-09
4.207266283844441901e+00 4.446131475854135828e-09
4.285485203974396029e+00 4.054915330154621950e-09
4.365158322401661017e+00 3.698121854208966081e-09
4.446312674691088596e+00 3.372075171198604553e-09
4.528975799036208727e+00 3.069411097020300623e-09
4.613175745603795619e+00 2.785179381774465183e-09
4.698941086052156102e+00 2.519386894885630954e-09
4.786300923226384896e+00 2.272899972947608430e-09
4.875284901033865026e+00 2.046164785183969941e-09
4.965923214503362715e+00 1.838830358427386449e-09
5.058246620031142449e+00 1.650408726285987194e-09
5.152286445817567007e+00 1.479894290666608754e-09
5.248074602497728058e+00 1.326049406950543917e-09
5.345643593969719554e+00 1.187833123939799492e-09
5.445026528424214085e+00 1.063922031807216063e-09
5.546257129579109879e+00 9.527753499115434336e-10
5.649369748123028501e+00 8.532796594647654532e-10
5.754399373371572146e+00 7.643842648586311896e-10
5.861381645140290253e+00 6.849042746987033916e-10
5.970352865838371770e+00 6.137302838704812931e-10
6.081350012787182457e+00 5.502802161495865735e-10
6.194410750767818108e+00 4.935920857626479427e-10
6.309573444801936049e+00 4.428592814553216212e-10
6.426877173170200130e+00 3.974040367134166235e-10
6.546361740672753449e+00 3.568813180493716298e-10
6.668067692136225411e+00 3.205174585441668807e-10
6.792036326171849936e+00 2.879772905505967964e-10
6.918309709189363055e+00 2.588044796618834900e-10
7.046930689671467185e+00 2.326752634505483261e-10
7.177942912713614732e+00 2.092166565855839138e-10
7.311390834834172736e+00 1.882054691479526816e-10
7.447319739059888200e+00 1.693407793949087140e-10
7.585775750291835706e+00 1.523945166077962092e-10
7.726805850957020994e+00 1.371715445234163841e-10
7.870457896950984633e+00 1.235085350599890083e-10
8.016780633876789963e+00 1.112245854572939499e-10
8.165823713585922405e+00 1.001810837238804833e-10
8.317637711026709013e+00 9.023494439847825195e-11
8.472274141405963022e+00 8.131278155911352670e-11
8.629785477669701166e+00 7.327976794982212517e-11
8.790225168308841930e+00 6.604317764120947687e-11
8.953647655495936775e+00 5.952757204298661926e-11
9.120108393559096527e+00 5.366248228644914687e-11
9.289663867799362151e+00 4.837925144896036109e-11
9.462371613657929004e+00 4.361867209602414303e-11
9.638290236239704711e+00 3.932959244386658868e-11
9.817479430199844259e+00 3.546172518610923378e-11
1.000000000000000000e+01 3.197695902984269712e-11
