1.000000000000000000e-03 1.000000000000000000e+00
1.018591388054116949e-03 1.000000000000000000e+00
1.037528415818012636e-03 9.999999999996461719e-01
1.056817509213658478e-03 9.999999999731652434e-01
1.076465213629834933e-03 9.999999997189003009e-01
1.096478196143185150e-03 9.999999985943484049e-01
1.116863247780561100e-03 9.999999952425923100e-01
1.137627285823430891e-03 9.999999873563383268e-01
1.158777356155126165e-03 9.999999714949687757e-01
1.180320635651729714e-03 9.999999429582040467e-01
1.202264434617413003e-03 9.999998957141597034e-01
1.224616199265048892e-03 9.999998223766286554e-01
1.247383514242943279e-03 9.999997142250423021e-01
1.270574105208541974e-03 9.999995612601074724e-01
1.294195841449986232e-03 9.999993522882045793e-01
1.318256738556407509e-03 9.999990750280399743e-01
1.342764961137864156e-03 9.999987162336280155e-01
1.367728825595849410e-03 9.999982618283487223e-01
1.393156802945303557e-03 9.999976970455097813e-01
1.419057521689092577e-03 9.999970065715343415e-01
1.445439770745927987e-03 9.999961746885214220e-01
1.472312502432719271e-03 9.999951854135300522e-01
1.499684835502374143e-03 9.999940226324677273e-01
1.527566058238073168e-03 9.999926702269400502e-01
1.555965631605074964e-03 9.999911121928367619e-01
1.584893192461114082e-03 9.999893327497895168e-01
1.614358556826487028e-03 9.999873164409427417e-01
1.644371723214932326e-03 9.999850482227435888e-01
1.674942876026438250e-03 9.999825135446682722e-01
1.706082389003124242e-03 9.999796984189806004e-01
1.737800828749376265e-03 9.999765894807624012e-01
1.770108958317422000e-03 9.999731740385645606e-01
1.803017740859569947e-03 9.999694401161152157e-01
1.836538343348347339e-03 9.999653764855858107e-01
1.870682140365801695e-03 9.999609726929563625e-01
1.905460717963248195e-03 9.999562190760508118e-01
1.940885877592779312e-03 9.999511067758308780e-01
1.976969640111860081e-03 9.999456277415322836e-01
2.013724249862387447e-03 9.999397747302291029e-01
2.051162178825564637e-03 9.999335413013958895e-01
2.089296130854038577e-03 9.999269218070135912e-01
2.128139045982711374e-03 9.999199113777523795e-01
2.167704104819694055e-03 9.999125059057273335e-01
2.208004733018899008e-03 9.999047020243014838e-01
2.249054605835780311e-03 9.998964970853776446e-01
2.290867652767772378e-03 9.998878891345890363e-01
2.333458062281002030e-03 9.998788768847716169e-01
2.376840286624876033e-03 9.998694596880634000e-01
2.421029046736177751e-03 9.998596375069549458e-01
2.466039337234338710e-03 9.998494108845756845e-01
2.511886431509579437e-03 9.998387809144830829e-01
2.558585886905645219e-03 9.998277492101869113e-01
2.606153549998894894e-03 9.998163178746185542e-01
2.654605561975539006e-03 9.998044894697317719e-01
2.703958364108843566e-03 9.997922669864000023e-01
2.754228703338165978e-03 9.997796538147490919e-01
2.805433637951713129e-03 9.997666537150510235e-01
2.857590543374946730e-03 9.997532707892862192e-01
2.910717118066605269e-03 9.997395094534570203e-01
2.964831389524342272e-03 9.997253744107330586e-01
3.019951720402016138e-03 9.997108706254849153e-01
3.076096814740708011e-03 9.996960032982550315e-01
3.133285724315585784e-03 9.996807778417012846e-01
3.191537855100761399e-03 9.996651998575429854e-01
3.250872973854343657e-03 9.996492751145232836e-01
3.311311214825910908e-03 9.996330095274007510e-01
3.372873086588689100e-03 9.996164091369690308e-01
3.435579478998746286e-03 9.995994800911066624e-01
3.499451670283573214e-03 9.995822286268414292e-01
3.564511334262442620e-03 9.995646610534213439e-01
3.630780547701014001e-03 9.995467837363697372e-01
3.698281797802662786e-03 9.995286030825082380e-01
3.767037989839089156e-03 9.995101255259186690e-01
3.837072454922788207e-03 9.994913575148208773e-01
3.908408957924020856e-03 9.994723054993375211e-01
3.981071705534973415e-03 9.994529759201145058e-01
4.055085354483838923e-03 9.994333751977680924e-01
4.130475019901614850e-03 9.994135097231257037e-01
4.207266283844442178e-03 9.993933858482275667e-01
4.285485203974396737e-03 9.993730098780583271e-01
4.365158322401660983e-03 9.993523880629738843e-01
4.446312674691088596e-03 9.993315265917913637e-01
4.528975799036208914e-03 9.993104315855118047e-01
4.613175745603795459e-03 9.992891090916395935e-01
4.698941086052155734e-03 9.992675650790711073e-01
4.786300923226385375e-03 9.992458054335201512e-01
4.875284901033865269e-03 9.992238359534497683e-01
4.965923214503362680e-03 9.992016623464826663e-01
5.058246620031137293e-03 9.991792902262605081e-01
5.152286445817561532e-03 9.991567251097250857e-01
5.248074602497722861e-03 9.991339724147960677e-01
5.345643593969713440e-03 9.991110374584186715e-01
5.445026528424209283e-03 9.990879254549561717e-01
5.546257129579105008e-03 9.990646415149061488e-01
5.649369748123022304e-03 9.990411906439159440e-01
5.754399373371566623e-03 9.990175777420763348e-01
5.861381645140284653e-03 9.989938076034737824e-01
5.970352865838366233e-03 9.989698849159809324e-01
6.081350012787175956e-03 9.989458142612666069e-01
6.194410750767811655e-03 9.989216001150098556e-01
6.309573444801930275e-03 9.988972468472975264e-01
6.426877173170193573e-03 9.988727587231941429e-01
6.546361740672746767e-03 9.988481399034652153e-01
6.668067692136218742e-03 9.988233944454428803e-01
6.792036326171843434e-03 9.987985263040185524e-01
6.918309709189362708e-03 9.987735393327515920e-01
7.046930689671467365e-03 9.987484372850815584e-01
7.177942912713615280e-03 9.987232238156327213e-01
7.311390834834172354e-03 9.986979024816023953e-01
7.447319739059888796e-03 9.986724767442197725e-01
7.585775750291835935e-03 9.986469499702717023e-01
7.726805850957021646e-03 9.986213254336806511e-01
7.870457896950984814e-03 9.985956063171329555e-01
8.016780633876788992e-03 9.985697957137458225e-01
8.165823713585922128e-03 9.985438966287685236e-01
8.317637711026708985e-03 9.985179119813106796e-01
8.472274141405963452e-03 9.984918446060928598e-01
8.629785477669701596e-03 9.984656972552119480e-01
8.790225168308843026e-03 9.984394725999191644e-01
8.953647655495937385e-03 9.984131732324036390e-01
9.120108393559096804e-03 9.983868016675797596e-01
9.289663867799363706e-03 9.983603603448716335e-01
9.462371613657928962e-03 9.983338516299943288e-01
9.638290236239705627e-03 9.983072778167255690e-01
9.817479430199843246e-03 9.982806411286685444e-01
1.000000000000000021e-02 9.982539437209984046e-01
1.018591388054116906e-02 9.982271876821959822e-01
1.037528415818012723e-02 9.982003750357610894e-01
1.056817509213658565e-02 9.981735077419061630e-01
1.076465213629834890e-02 9.981465876992301478e-01
1.096478196143185063e-02 9.981196167463668445e-01
1.116863247780561230e-02 9.980925966636096103e-01
1.137627285823430978e-02 9.980655291745108570e-01
1.158777356155126122e-02 9.980384159474550154e-01
1.180320635651729844e-02 9.980112585972019668e-01
1.202264434617413176e-02 9.979840586864048291e-01
1.224616199265048978e-02 9.979568177270972118e-01
1.247383514242943192e-02 9.979295371821514937e-01
1.270574105208541887e-02 9.979022184667073470e-01
1.294195841449986319e-02 9.978748629495700628e-01
1.318256738556407466e-02 9.978474719545785687e-01
1.342764961137864199e-02 9.978200467619435798e-01
1.367728825595849497e-02 9.977925886095542207e-01
1.393156802945303557e-02 9.977650986942552258e-01
1.419057521689092577e-02 9.977375781730931648e-01
1.445439770745927249e-02 9.977100281645329138e-01
1.472312502432718620e-02 9.976824497496438182e-01
1.499684835502373276e-02 9.976548439732556561e-01
1.527566058238072344e-02 9.976272118450857374e-01
1.555965631605074270e-02 9.975995543408370247e-01
1.584893192461113431e-02 9.975718724032665019e-01
1.614358556826486074e-02 9.975441669432247860e-01
1.644371723214931372e-02 9.975164388406706495e-01
1.674942876026437252e-02 9.974886889456525685e-01
1.706082389003123548e-02 9.974609180792688434e-01
1.737800828749375484e-02 9.974331270345965228e-01
1.770108958317421002e-02 9.974053165775963459e-01
1.803017740859568993e-02 9.973774874479917063e-01
1.836538343348346342e-02 9.973496403601214144e-01
1.870682140365800480e-02 9.973217760037685897e-01
1.905460717963247327e-02 9.972938950449653506e-01
1.940885877592778141e-02 9.972659981267723017e-01
1.976969640111861035e-02 9.972380858700372608e-01
2.013724249862388488e-02 9.972101588741287825e-01
2.051162178825565591e-02 9.971822177176496993e-01
2.089296130854039618e-02 9.971542629591276796e-01
2.128139045982712155e-02 9.971262951376840267e-01
2.167704104819695096e-02 9.970983147736851571e-01
2.208004733018900309e-02 9.970703223693692108e-01
2.249054605835781526e-02 9.970423184094571178e-01
2.290867652767773419e-02 9.970143033617426820e-01
2.333458062281003331e-02 9.969862776776644564e-01
2.376840286624877160e-02 9.969582417928596341e-01
2.421029046736178705e-02 9.969301961277001745e-01
2.466039337234339837e-02 9.969021410878123879e-01
2.511886431509580825e-02 9.968740770645788674e-01
2.558585886905645132e-02 9.968460044356250993e-01
2.606153549998894980e-02 9.968179235652901982e-01
2.654605561975538833e-02 9.967898348050824309e-01
2.703958364108843479e-02 9.967617384941194203e-01
2.754228703338166065e-02 9.967336349595543599e-01
2.805433637951713216e-02 9.967055245169886835e-01
2.857590543374946557e-02 9.966774074708698583e-01
2.910717118066605269e-02 9.966492841148777426e-01
2.964831389524342359e-02 9.966211547322965103e-01
3.019951720402016052e-02 9.965930195963759175e-01
3.076096814740707924e-02 9.965648789706785804e-01
3.133285724315585524e-02 9.965367331094175940e-01
3.191537855100761573e-02 9.965085822577809394e-01
3.250872973854343484e-02 9.964804266522474530e-01
3.311311214825911342e-02 9.964522665208895846e-01
3.372873086588688840e-02 9.964241020836668294e-01
3.435579478998746633e-02 9.963959335527109440e-01
3.499451670283573040e-02 9.963677611325982841e-01
3.564511334262442793e-02 9.963395850206161475e-01
3.630780547701013827e-02 9.963114054070172365e-01
3.698281797802662613e-02 9.962832224752681265e-01
3.767037989839089329e-02 9.962550364022860760e-01
3.837072454922788034e-02 9.962268473586712858e-01
3.908408957924021376e-02 9.961986555089284989e-01
3.981071705534973415e-02 9.961704610116818293e-01
4.055085354483839444e-02 9.961422640198828171e-01
4.130475019901614503e-02 9.961140646810100474e-01
4.207266283844442178e-02 9.960858631372634386e-01
4.285485203974396390e-02 9.960576595257500943e-01
4.365158322401661156e-02 9.960294539786648249e-01
4.446312674691088596e-02 9.960012466234651196e-01
4.528975799036209088e-02 9.959730375830371241e-01
4.613175745603795286e-02 9.959448269758601757e-01
4.698941086052153132e-02 9.959166149161607917e-01
4.786300923226382426e-02 9.958884015140661017e-01
4.875284901033862667e-02 9.958601868757475106e-01
4.965923214503360078e-02 9.958319711035626964e-01
5.058246620031139895e-02 9.958037542961908350e-01
5.152286445817564481e-02 9.957755365487636068e-01
5.248074602497725810e-02 9.957473179529914287e-01
5.345643593969716389e-02 9.957190985972858011e-01
5.445026528424212059e-02 9.956908785668765471e-01
5.546257129579107437e-02 9.956626579439254998e-01
5.649369748123025253e-02 9.956344368076363027e-01
5.754399373371569398e-02 9.956062152343595484e-01
5.861381645140287949e-02 9.955779932976944746e-01
5.970352865838369355e-02 9.955497710685888846e-01
6.081350012787179599e-02 9.955215486154318505e-01
6.194410750767814777e-02 9.954933260041465282e-01
6.309573444801933051e-02 9.954651032982784198e-01
6.426877173170197910e-02 9.954368805590800839e-01
6.546361740672750062e-02 9.954086578455930701e-01
6.668067692136221691e-02 9.953804352147278545e-01
6.792036326171846383e-02 9.953522127213396686e-01
6.918309709189365830e-02 9.953239904183024400e-01
7.046930689671471182e-02 9.952957683565795133e-01
7.177942912713618229e-02 9.952675465852927061e-01
7.311390834834176344e-02 9.952393251517880346e-01
7.447319739059891919e-02 9.952111041016997728e-01
7.585775750291839925e-02 9.951828834790111822e-01
7.726805850957024768e-02 9.951546633261147967e-01
7.870457896950988630e-02 9.951264436838689331e-01
8.016780633876793849e-02 9.950982245916532021e-01
8.165823713585926291e-02 9.950700060874213548e-01
8.317637711026708291e-02 9.950417882077523535e-01
8.472274141405963799e-02 9.950135709879007750e-01
8.629785477669701943e-02 9.949853544618434409e-01
8.790225168308841985e-02 9.949571386623258240e-01
8.953647655495937385e-02 9.949289236209062359e-01
9.120108393559096804e-02 9.949007093679986813e-01
9.289663867799362318e-02 9.948724959329140471e-01
9.462371613657930003e-02 9.948442833438998489e-01
9.638290236239704933e-02 9.948160716281783111e-01
9.817479430199843593e-02 9.947878608119836708e-01
1.000000000000000056e-01 9.947596509205972604e-01
1.018591388054116975e-01 9.947314419783824802e-01
1.037528415818012584e-01 9.947032340088173274e-01
1.056817509213658496e-01 9.946750270345265932e-01
1.076465213629834994e-01 9.946468210773127261e-01
1.096478196143185063e-01 9.946186161581852536e-01
1.116863247780561230e-01 9.945904122973893147e-01
1.137627285823430978e-01 9.945622095144337482e-01
1.158777356155126226e-01 9.945340078281167395e-01
1.180320635651729844e-01 9.945058072565524654e-01
1.202264434617413141e-01 9.944776078171954081e-01
1.224616199265048944e-01 9.944494095268633371e-01
1.247383514242943192e-01 9.944212124017619558e-01
1.270574105208542026e-01 9.943930164575056629e-01
1.294195841449986284e-01 9.943648217091390906e-01
1.318256738556407293e-01 9.943366281711580879e-01
1.342764961137864199e-01 9.943084358575298154e-01
1.367728825595849462e-01 9.942802447817103983e-01
1.393156802945303419e-01 9.942520549566650212e-01
1.419057521689092716e-01 9.942238663948850252e-01
1.445439770745927943e-01 9.941956791084048950e-01
1.472312502432719383e-01 9.941674931088183564e-01
1.499684835502373970e-01 9.941393084072955855e-01
1.527566058238073177e-01 9.941111250145974187e-01
1.555965631605074895e-01 9.940829429410904527e-01
1.584893192461114264e-01 9.940547621967611436e-01
1.614358556826487046e-01 9.940265827912301289e-01
1.644371723214932413e-01 9.939984047337644402e-01
1.674942876026438154e-01 9.939702280332914919e-01
1.706082389003124311e-01 9.939420526984104054e-01
1.737800828749376247e-01 9.939138787374041106e-01
1.770108958317422043e-01 9.938857061582511143e-01
1.803017740859569895e-01 9.938575349686361582e-01
1.836538343348347313e-01 9.938293651759612102e-01
1.870682140365801660e-01 9.938011967873551233e-01
1.905460717963248229e-01 9.937730298096837389e-01
1.940885877592779252e-01 9.937448642495602114e-01
1.976969640111861937e-01 9.937167001133523359e-01
2.013724249862389459e-01 9.936885374071932064e-01
2.051162178825564619e-01 9.936603761369893206e-01
2.089296130854038647e-01 9.936322163084274628e-01
2.128139045982711253e-01 9.936040579269791451e-01
2.167704104819694055e-01 9.935759009918967433e-01
2.208004733018899268e-01 9.935477454131540487e-01
2.249054605835780485e-01 9.935195907852937269e-01
2.290867652767772378e-01 9.934914361122352267e-01
2.333458062281001943e-01 9.934632795554700913e-01
2.376840286624875842e-01 9.934351182300409366e-01
2.421029046736177526e-01 9.934069480558541665e-01
2.466039337234338658e-01 9.933787636641566721e-01
2.511886431509579576e-01 9.933505583550775730e-01
2.558585886905645479e-01 9.933223241002057113e-01
2.606153549998895258e-01 9.932940515833886819e-01
2.654605561975538763e-01 9.932657302728304938e-01
2.703958364108843271e-01 9.932373485178468409e-01
2.754228703338166273e-01 9.932088936641698673e-01
2.805433637951713077e-01 9.931803521823062697e-01
2.857590543374946557e-01 9.931517098041512392e-01
2.910717118066605269e-01 9.931229516637286592e-01
2.964831389524342220e-01 9.930940624385879989e-01
3.019951720402015982e-01 9.930650264889917533e-01
3.076096814740708063e-01 9.930358279925824982e-01
3.133285724315585385e-01 9.930064510727155680e-01
3.191537855100761711e-01 9.929768799190790141e-01
3.250872973854344039e-01 9.929470988996026426e-01
3.311311214825911065e-01 9.929170926629844462e-01
3.372873086588689118e-01 9.928868462314406340e-01
3.435579478998746494e-01 9.928563450835138360e-01
3.499451670283573179e-01 9.928255752269687928e-01
3.564511334262442932e-01 9.927945232619540539e-01
3.630780547701014105e-01 9.927631764347387699e-01
3.698281797802662751e-01 9.927315226824183769e-01
3.767037989839089329e-01 9.926995506690656779e-01
3.837072454922788589e-01 9.926672498138456868e-01
3.908408957924021099e-01 9.926346103116523434e-01
3.981071705534973137e-01 9.926016231468397510e-01
4.055085354483839444e-01 9.925682801006332490e-01
4.130475019901614364e-01 9.925345737527961898e-01
4.207266283844441901e-01 9.925004974781286293e-01
4.285485203974396251e-01 9.924660454383416042e-01
4.365158322401661017e-01 9.924312125698472320e-01
4.446312674691088040e-01 9.923959945679670103e-01
4.528975799036208949e-01 9.923603878680353763e-01
4.613175745603795286e-01 9.923243896238532757e-01
4.698941086052155769e-01 9.922879976839058536e-01
4.786300923226385340e-01 9.922512105657366188e-01
4.875284901033865026e-01 9.922140274288332451e-01
4.965923214503362715e-01 9.921764480463539648e-01
5.058246620031142671e-01 9.921384727759939848e-01
5.152286445817566563e-01 9.921001025302598197e-01
5.248074602497728725e-01 9.920613387463962374e-01
5.345643593969718887e-01 9.920221833561836400e-01
5.445026528424214973e-01 9.919826387557969527e-01
5.546257129579110767e-01 9.919427077758986577e-01
5.649369748123028723e-01 9.919023936521136342e-01
5.754399373371572590e-01 9.918616999960142566e-01
5.861381645140291141e-01 9.918206307667291055e-01
5.970352865838371992e-01 9.917791902432675499e-01
6.081350012787182235e-01 9.917373829976404709e-01
6.194410750767818108e-01 9.916952138688380769e-01
6.309573444801935826e-01 9.916526879377229875e-01
6.426877173170200130e-01 9.916098105028725573e-01
6.546361740672747009e-01 9.915665870574059682e-01
6.668067692136219193e-01 9.915230232668116317e-01
6.792036326171843053e-01 9.914791249477916679e-01
6.918309709189363055e-01 9.914348980481261231e-01
7.046930689671466741e-01 9.913903486275560395e-01
7.177942912713615176e-01 9.913454828396789376e-01
7.311390834834172736e-01 9.913003069148437207e-01
7.447319739059888866e-01 9.912548271440307923e-01
7.585775750291835484e-01 9.912090498636940694e-01
7.726805850957021438e-01 9.911629814415469086e-01
7.870457896950984189e-01 9.911166282632618563e-01
8.016780633876789963e-01 9.910699967200593541e-01
8.165823713585922405e-01 9.910230931971573121e-01
8.317637711026708569e-01 9.909759240630475752e-01
8.472274141405963244e-01 9.909284956595720839e-01
8.629785477669701388e-01 9.908808142927632012e-01
8.790225168308842818e-01 9.908328862244191182e-01
8.953647655495937663e-01 9.907847176643785891e-01
9.120108393559096527e-01 9.907363147634663525e-01
9.289663867799362595e-01 9.906876836070728221e-01
9.462371613657929448e-01 9.906388302093390719e-01
9.638290236239704933e-01 9.905897605079151402e-01
9.817479430199843593e-01 9.905404803592608998e-01
1.000000000000000000e+00 9.904909955344590733e-01
1.018591388054116864e+00 9.904413117155115298e-01
1.037528415818012695e+00 9.903914344920897728e-01
1.056817509213658468e+00 9.903413693587148625e-01
1.076465213629834938e+00 9.902911217123350207e-01
1.096478196143185091e+00 9.902406968502813767e-01
1.116863247780561119e+00 9.901900999685724347e-01
1.137627285823431089e+00 9.901393361605470567e-01
1.158777356155126226e+00 9.900884104158006460e-01
1.180320635651729733e+00 9.900373276194047722e-01
1.202264434617413169e+00 9.899860925513888077e-01
1.224616199265048833e+00 9.899347098864651473e-01
1.247383514242943248e+00 9.898831841939764731e-01
1.270574105208541971e+00 9.898315199380512963e-01
1.294195841449986339e+00 9.897797214779464614e-01
1.318256738556407459e+00 9.897277930685663971e-01
1.342764961137864255e+00 9.896757388611368000e-01
1.367728825595849518e+00 9.896235629040260884e-01
1.393156802945303641e+00 9.895712691436957531e-01
1.419057521689092605e+00 9.895188614257687254e-01
1.445439770745927888e+00 9.894663434962053250e-01
1.472312502432719272e+00 9.894137190025739104e-01
1.499684835502373970e+00 9.893609914954051288e-01
1.527566058238073232e+00 9.893081644296234378e-01
1.555965631605074950e+00 9.892552411660434641e-01
1.584893192461114042e+00 9.892022249729219840e-01
1.614358556826486879e+00 9.891491190275633061e-01
1.644371723214932413e+00 9.890959264179630672e-01
1.674942876026438210e+00 9.890426501444895546e-01
1.706082389003124256e+00 9.889892931215922278e-01
1.737800828749376247e+00 9.889358581795346659e-01
1.770108958317422099e+00 9.888823480661439458e-01
1.803017740859570006e+00 9.888287654485735656e-01
1.836538343348347313e+00 9.887751129150731400e-01
1.870682140365801605e+00 9.887213929767616483e-01
1.905460717963248340e+00 9.886676080694027924e-01
1.940885877592779307e+00 9.886137605551725827e-01
1.976969640111861937e+00 9.885598527244224831e-01
2.013724249862389293e+00 9.885058867974328978e-01
2.051162178825566951e+00 9.884518649261508916e-01
2.089296130854040978e+00 9.883977891959164763e-01
2.128139045982713196e+00 9.883436616271688013e-01
2.167704104819693889e+00 9.882894841771341365e-01
2.208004733018899213e+00 9.882352587414922063e-01
2.249054605835780318e+00 9.881809871560200964e-01
2.290867652767772267e+00 9.881266711982127360e-01
2.333458062281001943e+00 9.880723125888772884e-01
2.376840286624875898e+00 9.880179129937010085e-01
2.421029046736177470e+00 9.879634740247936753e-01
2.466039337234338547e+00 9.879089972422001598e-01
2.511886431509579687e+00 9.878544841553842382e-01
2.558585886905645257e+00 9.877999362246859816e-01
2.606153549998895258e+00 9.877453548627465052e-01
2.654605561975539096e+00 9.876907414359046289e-01
2.703958364108843160e+00 9.876360972655625625e-01
2.754228703338166273e+00 9.875814236295228365e-01
2.805433637951713077e+00 9.875267217632937022e-01
2.857590543374946446e+00 9.874719928613630016e-01
2.910717118066604936e+00 9.874172380784456138e-01
2.964831389524342331e+00 9.873624585306971513e-01
3.019951720402016093e+00 9.873076552968996777e-01
3.076096814740707952e+00 9.872528294196171172e-01
3.133285724315585608e+00 9.871979819063214645e-01
3.191537855100761600e+00 9.871431137304892411e-01
3.250872973854343595e+00 9.870882258326708625e-01
3.311311214825911176e+00 9.870333191215291402e-01
3.372873086588688896e+00 9.869783944748521387e-01
3.435579478998746605e+00 9.869234527405367219e-01
3.499451670283573179e+00 9.868684947375460093e-01
3.564511334262442599e+00 9.868135212568395209e-01
3.630780547701013994e+00 9.867585330622773432e-01
3.698281797802662751e+00 9.867035308914988700e-01
3.767037989839089107e+00 9.866485154567754545e-01
3.837072454922788367e+00 9.865934874458390791e-01
3.908408957924021099e+00 9.865384475226867123e-01
3.981071705534973137e+00 9.864833963283603513e-01
4.055085354483838778e+00 9.864283344817047494e-01
4.130475019901614253e+00 9.863732625801020504e-01
4.207266283844441901e+00 9.863181812001837745e-01
4.285485203974396029e+00 9.862630908985222655e-01
4.365158322401661017e+00 9.862079922122997111e-01
4.446312674691088596e+00 9.861528856599582893e-01
4.528975799036208727e+00 9.860977717418277777e-01
4.613175745603795619e+00 9.860426509407370643e-01
4.698941086052156102e+00 9.859875237226022326e-01
4.786300923226384896e+00 9.859323905370002139e-01
4.875284901033865026e+00 9.858772518177223443e-01
4.965923214503362715e+00 9.858221079833090483e-01
5.058246620031142449e+00 9.857669594375713107e-01
5.152286445817567007e+00 9.857118065700912757e-01
5.248074602497728058e+00 9.856566497567091911e-01
5.345643593969719554e+00 9.856014893599942539e-01
5.445026528424214085e+00 9.855463257296990243e-01
5.546257129579109879e+00 9.854911592032016276e-01
5.649369748123028501e+00 9.854359901059297489e-01
5.754399373371572146e+00 9.853808187517738570e-01
5.861381645140290253e+00 9.853256454434861089e-01
5.970352865838371770e+00 9.852704704730649299e-01
6.081350012787182457e+00 9.852152941221277160e-01
6.194410750767818108e+00 9.851601166622716566e-01
6.309573444801936049e+00 9.851049383554214556e-01
6.426877173170200130e+00 9.850497594541658408e-01
6.546361740672753449e+00 9.849945802020830810e-01
6.668067692136225411e+00 9.849394008340556228e-01
6.792036326171849936e+00 9.848842215765734043e-01
6.918309709189363055e+00 9.848290426480273974e-01
7.046930689671467185e+00 9.847738642589936031e-01
7.177942912713614732e+00 9.847186866125070548e-01
7.311390834834172736e+00 9.846635099043253847e-01
7.447319739059888200e+00 9.846083343231862850e-01
7.585775750291835706e+00 9.845531600510524228e-01
7.726805850957020994e+00 9.844979872633513596e-01
7.870457896950984633e+00 9.844428161292057000e-01
8.016780633876789963e+00 9.843876468116545819e-01
8.165823713585922405e+00 9.843324794678691703e-01
8.317637711026709013e+00 9.842773142493597138e-01
8.472274141405963022e+00 9.842221513021760515e-01
8.629785477669701166e+00 9.841669907671000139e-01
8.790225168308841930e+00 9.841118327798332732e-01
8.953647655495936775e+00 9.840566774711760889e-01
9.120108393559096527e+00 9.840015249672019459e-01
9.289663867799362151e+00 9.839463753894259757e-01
9.462371613657929004e+00 9.838912288549643836e-01
9.638290236239704711e+00 9.838360854766939889e-01
9.817479430199844259e+00 9.837809453634013268e-01
1.000000000000000000e+01 9.837258086199277551e-01
