1.000000000000000000e-03 0.000000000000000000e+00
1.018591388054116949e-03 0.000000000000000000e+00
1.037528415818012636e-03 3.538636722935582043e-13
1.056817509213658478e-03 2.683479954406461970e-11
1.076465213629834933e-03 2.810996884962662506e-10
1.096478196143185150e-03 1.405651553445017908e-09
1.116863247780561100e-03 4.757407730543431642e-09
1.137627285823430891e-03 1.264366169348273854e-08
1.158777356155126165e-03 2.850503126965427823e-08
1.180320635651729714e-03 5.704179601334916315e-08
1.202264434617413003e-03 1.042858403221734286e-07
1.224616199265048892e-03 1.776233713320167429e-07
1.247383514242943279e-03 2.857749576842918512e-07
1.270574105208541974e-03 4.387398925387534022e-07
1.294195841449986232e-03 6.477117954525990000e-07
1.318256738556407509e-03 9.249719601436882005e-07
1.342764961137864156e-03 1.283766371890265064e-06
1.367728825595849410e-03 1.738171651364584699e-06
1.393156802945303557e-03 2.302954490235963150e-06
1.419057521689092577e-03 2.993428465604628028e-06
1.445439770745927987e-03 3.825311478509764711e-06
1.472312502432719271e-03 4.814586469882017497e-06
1.499684835502374143e-03 5.977367532279664976e-06
1.527566058238073168e-03 7.329773060008468428e-06
1.555965631605074964e-03 8.887807163168788779e-06
1.584893192461114082e-03 1.066725021043582549e-05
1.614358556826487028e-03 1.268355905726142912e-05
1.644371723214932326e-03 1.495177725641109666e-05
1.674942876026438250e-03 1.748645533176077202e-05
1.706082389003124242e-03 2.030158101936241450e-05
1.737800828749376265e-03 2.341051923750908623e-05
1.770108958317422000e-03 2.682596143547025689e-05
1.803017740859569947e-03 3.055988388483229270e-05
1.836538343348347339e-03 3.462351441415426902e-05
1.870682140365801695e-03 3.902730704369318222e-05
1.905460717963248195e-03 4.378092394914168058e-05
1.940885877592779312e-03 4.889322416909596590e-05
1.976969640111860081e-03 5.437225846782017916e-05
2.013724249862387447e-03 6.022526977084374588e-05
2.051162178825564637e-03 6.645869860412704133e-05
2.089296130854038577e-03 7.307819298641114725e-05
2.128139045982711374e-03 8.008862224763301397e-05
2.167704104819694055e-03 8.749409427268138985e-05
2.208004733018899008e-03 9.529797569847782846e-05
2.249054605835780311e-03 1.035029146224001142e-04
2.290867652767772378e-03 1.121108654109385173e-04
2.333458062281002030e-03 1.211231152284373593e-04
2.376840286624876033e-03 1.305403119365428739e-04
2.421029046736177751e-03 1.403624930451017033e-04
2.466039337234338710e-03 1.505891154244221541e-04
2.511886431509579437e-03 1.612190855169351835e-04
2.558585886905645219e-03 1.722507898130709960e-04
2.606153549998894894e-03 1.836821253815458380e-04
2.654605561975539006e-03 1.955105302681993352e-04
2.703958364108843566e-03 2.077330135999074260e-04
2.754228703338165978e-03 2.203461852509917460e-04
2.805433637951713129e-03 2.333462849489006551e-04
2.857590543374946730e-03 2.467292107137885964e-04
2.910717118066605269e-03 2.604905465430685553e-04
2.964831389524342272e-03 2.746255892669916140e-04
3.019951720402016138e-03 2.891293745149977387e-04
3.076096814740708011e-03 3.039967017449752879e-04
3.133285724315585784e-03 3.192221582987272901e-04
3.191537855100761399e-03 3.348001424570341855e-04
3.250872973854343657e-03 3.507248854766068175e-04
3.311311214825910908e-03 3.669904725993098195e-04
3.372873086588689100e-03 3.835908630309646235e-04
3.435579478998746286e-03 4.005199088933779372e-04
3.499451670283573214e-03 4.177713731585485442e-04
3.564511334262442620e-03 4.353389465787676918e-04
3.630780547701014001e-03 4.532162636302945074e-04
3.698281797802662786e-03 4.713969174917747315e-04
3.767037989839089156e-03 4.898744740813906328e-04
3.837072454922788207e-03 5.086424851791378730e-04
3.908408957924020856e-03 5.276945006625245608e-04
3.981071705534973415e-03 5.470240798855413372e-04
4.055085354483838923e-03 5.666248022318911073e-04
4.130475019901614850e-03 5.864902768743254996e-04
4.207266283844442178e-03 6.066141517724346838e-04
4.285485203974396737e-03 6.269901219416589315e-04
4.365158322401660983e-03 6.476119370262058443e-04
4.446312674691088596e-03 6.684734082085891588e-04
4.528975799036208914e-03 6.895684144881327219e-04
4.613175745603795459e-03 7.108909083603921590e-04
4.698941086052155734e-03 7.324349209288937056e-04
4.786300923226385375e-03 7.541945664798993618e-04
4.875284901033865269e-03 7.761640465502215539e-04
4.965923214503362680e-03 7.983376535172478959e-04
5.058246620031137293e-03 8.207097737394685247e-04
5.152286445817561532e-03 8.432748902748988086e-04
5.248074602497722861e-03 8.660275852038178124e-04
5.345643593969713440e-03 8.889625415812771976e-04
5.445026528424209283e-03 9.120745450438063348e-04
5.546257129579105008e-03 9.353584850938083959e-04
5.649369748123022304e-03 9.588093560840381521e-04
5.754399373371566623e-03 9.824222579236422358e-04
5.861381645140284653e-03 1.006192396526186172e-03
5.970352865838366233e-03 1.030115084019153247e-03
6.081350012787175956e-03 1.054185738733412784e-03
6.194410750767811655e-03 1.078399884990243699e-03
6.309573444801930275e-03 1.102753152702530461e-03
6.426877173170193573e-03 1.127241276805917127e-03
6.546361740672746767e-03 1.151860096534781030e-03
6.668067692136218742e-03 1.176605554557099082e-03
6.792036326171843434e-03 1.201473695981407483e-03
6.918309709189362708e-03 1.226460667248342479e-03
7.046930689671467365e-03 1.251562714918443356e-03
7.177942912713615280e-03 1.276776184367205396e-03
7.311390834834172354e-03 1.302097518397674070e-03
7.447319739059888796e-03 1.327523255780193191e-03
7.585775750291835935e-03 1.353050029728330430e-03
7.726805850957021646e-03 1.378674566319342855e-03
7.870457896950984814e-03 1.404393682867023001e-03
8.016780633876788992e-03 1.430204286254184009e-03
8.165823713585922128e-03 1.456103371231553352e-03
8.317637711026708985e-03 1.482088018689318217e-03
8.472274141405963452e-03 1.508155393907152728e-03
8.629785477669701596e-03 1.534302744788037208e-03
8.790225168308843026e-03 1.560527400080854651e-03
8.953647655495937385e-03 1.586826767596286611e-03
9.120108393559096804e-03 1.613198332420195469e-03
9.289663867799363706e-03 1.639639655128307966e-03
9.462371613657928962e-03 1.666148370005719531e-03
9.638290236239705627e-03 1.692722183274385705e-03
9.817479430199843246e-03 1.719358871331527153e-03
1.000000000000000021e-02 1.746056279001559223e-03
1.018591388054116906e-02 1.772812317803922413e-03
1.037528415818012723e-02 1.799624964238975226e-03
1.056817509213658565e-02 1.826492258093814856e-03
1.076465213629834890e-02 1.853412300769794081e-03
1.096478196143185063e-02 1.880383253633209281e-03
1.116863247780561230e-02 1.907403336390486870e-03
1.137627285823430978e-02 1.934470825489076166e-03
1.158777356155126122e-02 1.961584052545021009e-03
1.180320635651729844e-02 1.988741402798090488e-03
1.202264434617413176e-02 2.015941313595214727e-03
1.224616199265048978e-02 2.043182272902805113e-03
1.247383514242943192e-02 2.070462817848493266e-03
1.270574105208541887e-02 2.097781533292646973e-03
1.294195841449986319e-02 2.125137050429977501e-03
1.318256738556407466e-02 2.152528045421419137e-03
1.342764961137864199e-02 2.179953238056453555e-03
1.367728825595849497e-02 2.207411390445846062e-03
1.393156802945303557e-02 2.234901305744872203e-03
1.419057521689092577e-02 2.262421826906866468e-03
1.445439770745927249e-02 2.289971835467009831e-03
1.472312502432718620e-02 2.317550250356147958e-03
1.499684835502373276e-02 2.345156026744385502e-03
1.527566058238072344e-02 2.372788154914235760e-03
1.555965631605074270e-02 2.400445659162932319e-03
1.584893192461113431e-02 2.428127596733637740e-03
1.614358556826486074e-02 2.455833056775099960e-03
1.644371723214931372e-02 2.483561159329402118e-03
1.674942876026437252e-02 2.511311054347361692e-03
1.706082389003123548e-02 2.539081920731127949e-03
1.737800828749375484e-02 2.566872965403531413e-03
1.770108958317421002e-02 2.594683422403677546e-03
1.803017740859568993e-02 2.622512552008340533e-03
1.836538343348346342e-02 2.650359639878605532e-03
1.870682140365800480e-02 2.678223996231294049e-03
1.905460717963247327e-02 2.706104955034639020e-03
1.940885877592778141e-02 2.734001873227661847e-03
1.976969640111861035e-02 2.761914129962811208e-03
2.013724249862388488e-02 2.789841125871240449e-03
2.051162178825565591e-02 2.817782282350266444e-03
2.089296130854039618e-02 2.845737040872470865e-03
2.128139045982712155e-02 2.873704862315891798e-03
2.167704104819695096e-02 2.901685226314858982e-03
2.208004733018900309e-02 2.929677630630837804e-03
2.249054605835781526e-02 2.957681590542924222e-03
2.290867652767773419e-02 2.985696638257345770e-03
2.333458062281003331e-02 3.013722322335550541e-03
2.376840286624877160e-02 3.041758207140366366e-03
2.421029046736178705e-02 3.069803872299734469e-03
2.466039337234339837e-02 3.097858912187555300e-03
2.511886431509580825e-02 3.125922935421163867e-03
2.558585886905645132e-02 3.153995564374970518e-03
2.606153549998894980e-02 3.182076434709811379e-03
2.654605561975538833e-02 3.210165194917566963e-03
2.703958364108843479e-02 3.238261505880597919e-03
2.754228703338166065e-02 3.266365040445587658e-03
2.805433637951713216e-02 3.294475483011335623e-03
2.857590543374946557e-02 3.322592529130137355e-03
2.910717118066605269e-02 3.350715885122300310e-03
2.964831389524342359e-02 3.378845267703419440e-03
3.019951720402016052e-02 3.406980403624057345e-03
3.076096814740707924e-02 3.435121029321394886e-03
3.133285724315585524e-02 3.463266890582529164e-03
3.191537855100761573e-02 3.491417742219039833e-03
3.250872973854343484e-02 3.519573347752496736e-03
3.311311214825911342e-02 3.547733479110529858e-03
3.372873086588688840e-02 3.575897916333178796e-03
3.435579478998746633e-02 3.604066447289149683e-03
3.499451670283573040e-02 3.632238867401711528e-03
3.564511334262442793e-02 3.660414979383892851e-03
3.630780547701013827e-02 3.688594592982684991e-03
3.698281797802662613e-02 3.716777524731991467e-03
3.767037989839089329e-02 3.744963597713998546e-03
3.837072454922788034e-02 3.773152641328743687e-03
3.908408957924021376e-02 3.801344491071547912e-03
3.981071705534973415e-02 3.829538988318147326e-03
4.055085354483839444e-02 3.857735980117188955e-03
4.130475019901614503e-02 3.885935318989874095e-03
4.207266283844442178e-02 3.914136862736554423e-03
4.285485203974396390e-02 3.942340474250003758e-03
4.365158322401661156e-02 3.970546021335134325e-03
4.446312674691088596e-02 3.998753376534995747e-03
4.528975799036209088e-02 4.026962416962830832e-03
4.613175745603795286e-02 4.055173024139917953e-03
4.698941086052153132e-02 4.083385083839121549e-03
4.786300923226382426e-02 4.111598485933878368e-03
4.875284901033862667e-02 4.139813124252437332e-03
4.965923214503360078e-02 4.168028896437218564e-03
5.058246620031139895e-02 4.196245703809088623e-03
5.152286445817564481e-02 4.224463451236394954e-03
5.248074602497725810e-02 4.252682047008577403e-03
5.345643593969716389e-02 4.280901402714237976e-03
5.445026528424212059e-02 4.309121433123487555e-03
5.546257129579107437e-02 4.337342056074433398e-03
5.649369748123025253e-02 4.365563192363650438e-03
5.754399373371569398e-02 4.393784765640548762e-03
5.861381645140287949e-02 4.422006702305416107e-03
5.970352865838369355e-02 4.450228931411111949e-03
6.081350012787179599e-02 4.478451384568193742e-03
6.194410750767814777e-02 4.506673995853420663e-03
6.309573444801933051e-02 4.534896701721500417e-03
6.426877173170197910e-02 4.563119440919936008e-03
6.546361740672750062e-02 4.591342154406924739e-03
6.668067692136221691e-02 4.619564785272129055e-03
6.792036326171846383e-02 4.647787278660298407e-03
6.918309709189365830e-02 4.676009581697587736e-03
7.046930689671471182e-02 4.704231643420465903e-03
7.177942912713618229e-02 4.732453414707222736e-03
7.311390834834176344e-02 4.760674848211831831e-03
7.447319739059891919e-02 4.788895898300226349e-03
7.585775750291839925e-02 4.817116520988811747e-03
7.726805850957024768e-02 4.845336673885197211e-03
7.870457896950988630e-02 4.873556316131007898e-03
8.016780633876793849e-02 4.901775408346762362e-03
8.165823713585926291e-02 4.929993912578720626e-03
8.317637711026708291e-02 4.958211792247594479e-03
8.472274141405963799e-02 4.986429012099140821e-03
8.629785477669701943e-02 5.014645538156487121e-03
8.790225168308841985e-02 5.042861337674159512e-03
8.953647655495937385e-02 5.071076379093772749e-03
9.120108393559096804e-02 5.099290632001308304e-03
9.289663867799362318e-02 5.127504067085896476e-03
9.462371613657930003e-02 5.155716656100105093e-03
9.638290236239704933e-02 5.183928371821624678e-03
9.817479430199843593e-02 5.212139188016344862e-03
1.000000000000000056e-01 5.240349079402743110e-03
1.018591388054116975e-01 5.268558021617574492e-03
1.037528415818012584e-01 5.296765991182740205e-03
1.056817509213658496e-01 5.324972965473414623e-03
1.076465213629834994e-01 5.353178922687254829e-03
1.096478196143185063e-01 5.381383841814752454e-03
1.116863247780561230e-01 5.409587702610635027e-03
1.137627285823430978e-01 5.437790485566306418e-03
1.158777356155126226e-01 5.465992171883264812e-03
1.180320635651729844e-01 5.494192743447475630e-03
1.202264434617413141e-01 5.522392182804692490e-03
1.224616199265048944e-01 5.550590473136620372e-03
1.247383514242943192e-01 5.578787598237982572e-03
1.270574105208542026e-01 5.606983542494375222e-03
1.294195841449986284e-01 5.635178290860940603e-03
1.318256738556407293e-01 5.663371828841811534e-03
1.342764961137864199e-01 5.691564142470271342e-03
1.367728825595849462e-01 5.719755218289660631e-03
1.393156802945303419e-01 5.747945043334936298e-03
1.419057521689092716e-01 5.776133605114927919e-03
1.445439770745927943e-01 5.804320891595216893e-03
1.472312502432719383e-01 5.832506891181622743e-03
1.499684835502373970e-01 5.860691592704321724e-03
1.527566058238073177e-01 5.888874985402478036e-03
1.555965631605074895e-01 5.917057058909496944e-03
1.584893192461114264e-01 5.945237803238756676e-03
1.614358556826487046e-01 5.973417208769884156e-03
1.644371723214932413e-01 6.001595266235505190e-03
1.674942876026438154e-01 6.029771966708493379e-03
1.706082389003124311e-01 6.057947301589684808e-03
1.737800828749376247e-01 6.086121262595974371e-03
1.770108958317422043e-01 6.114293841748937725e-03
1.803017740859569895e-01 6.142465031363792370e-03
1.836538343348347313e-01 6.170634824038775078e-03
1.870682140365801660e-01 6.198803212644916558e-03
1.905460717963248229e-01 6.226970190316171751e-03
1.940885877592779252e-01 6.255135750439910075e-03
1.976969640111861937e-01 6.283299886647744810e-03
2.013724249862389459e-01 6.311462592806717231e-03
2.051162178825564619e-01 6.339623863010749628e-03
2.089296130854038647e-01 6.367783691572473023e-03
2.128139045982711253e-01 6.395942073015250043e-03
2.167704104819694055e-01 6.424099002026701678e-03
2.208004733018899268e-01 6.452254472911045542e-03
2.249054605835780485e-01 6.480408478094158015e-03
2.290867652767772378e-01 6.508561006268872955e-03
2.333458062281001943e-01 6.536712040647362290e-03
2.376840286624875842e-01 6.564861557486444121e-03
2.421029046736177526e-01 6.593009524945361854e-03
2.466039337234338658e-01 6.621155902286102700e-03
2.511886431509579576e-01 6.649300639399713213e-03
2.558585886905645479e-01 6.677443676628274163e-03
2.606153549998895258e-01 6.705584944845594669e-03
2.654605561975538763e-01 6.733724365757195324e-03
2.703958364108843271e-01 6.761861852380755475e-03
2.754228703338166273e-01 6.789997309670039484e-03
2.805433637951713077e-01 6.818130635248385515e-03
2.857590543374946557e-01 6.846261720221203176e-03
2.910717118066605269e-01 6.874390450040595256e-03
2.964831389524342220e-01 6.902516705398770679e-03
3.019951720402015982e-01 6.930640363130394742e-03
3.076096814740708063e-01 6.958761297107212036e-03
3.133285724315585385e-01 6.986879379111294100e-03
3.191537855100761711e-01 7.014994479675889377e-03
3.250872973854344039e-01 7.043106468885263448e-03
3.311311214825911065e-01 7.071215217126993087e-03
3.372873086588689118e-01 7.099320595792018261e-03
3.435579478998746494e-01 7.127422477919328689e-03
3.499451670283573179e-01 7.155520738783457436e-03
3.564511334262442932e-01 7.183615256424181333e-03
3.630780547701014105e-01 7.211705912118583466e-03
3.698281797802662751e-01 7.239792590796666032e-03
3.767037989839089329e-01 7.267875181401947313e-03
3.837072454922788589e-01 7.295953577199400242e-03
3.908408957924021099e-01 7.324027676032999860e-03
3.981071705534973137e-01 7.352097380535835627e-03
4.055085354483839444e-01 7.380162598295604906e-03
4.130475019901614364e-01 7.408223241978604059e-03
4.207266283844441901e-01 7.436279229415327513e-03
4.285485203974396251e-01 7.464330483650831113e-03
4.365158322401661017e-01 7.492376932962859122e-03
4.446312674691088040e-01 7.520418510850859078e-03
4.528975799036208949e-01 7.548455155998752032e-03
4.613175745603795286e-01 7.576486812214227630e-03
4.698941086052155769e-01 7.604513428347381247e-03
4.786300923226385340e-01 7.632534958191073207e-03
4.875284901033865026e-01 7.660551360365510688e-03
4.965923214503362715e-01 7.688562598189263228e-03
5.058246620031142671e-01 7.716568639538763999e-03
5.152286445817566563e-01 7.744569456698296994e-03
5.248074602497728725e-01 7.772565026202209182e-03
5.345643593969718887e-01 7.800555328671001688e-03
5.445026528424214973e-01 7.828540348642767585e-03
5.546257129579110767e-01 7.856520074401419571e-03
5.649369748123028723e-01 7.884494497802796084e-03
5.754399373371572590e-01 7.912463614099909601e-03
5.861381645140291141e-01 7.940427421768208802e-03
5.970352865838371992e-01 7.968385922331790508e-03
6.081350012787182235e-01 7.996339120191315111e-03
6.194410750767818108e-01 8.024287022454314189e-03
6.309573444801935826e-01 8.052229638768481843e-03
6.426877173170200130e-01 8.080166981158477119e-03
6.546361740672747009e-01 8.108099063866638229e-03
6.668067692136219193e-01 8.136025903197985007e-03
6.792036326171843053e-01 8.163947517369813181e-03
6.918309709189363055e-01 8.191863926366164950e-03
7.046930689671466741e-01 8.219775151797283422e-03
7.177942912713615176e-01 8.247681216764257348e-03
7.311390834834172736e-01 8.275582145728946348e-03
7.447319739059888866e-01 8.303477964389250829e-03
7.585775750291835484e-01 8.331368699559721369e-03
7.726805850957021438e-01 8.359254379057570045e-03
7.870457896950984189e-01 8.387135031593993470e-03
8.016780633876789963e-01 8.415010686670798892e-03
8.165823713585922405e-01 8.442881374482253537e-03
8.317637711026708569e-01 8.470747125822039245e-03
8.472274141405963244e-01 8.498607971995272500e-03
8.629785477669701388e-01 8.526463944735386893e-03
8.790225168308842818e-01 8.554315076125827699e-03
8.953647655495937663e-01 8.582161398526400725e-03
9.120108393559096527e-01 8.610002944504089803e-03
9.289663867799362595e-01 8.637839746768257929e-03
9.462371613657929448e-01 8.665671838110074188e-03
9.638290236239704933e-01 8.693499251345909729e-03
9.817479430199843593e-01 8.721322019264728803e-03
1.000000000000000000e+00 8.749140174579140075e-03
1.018591388054116864e+00 8.776953749880071765e-03
1.037528415818012695e+00 8.804762777594801748e-03
1.056817509213658468e+00 8.832567289948387718e-03
1.076465213629834938e+00 8.860367318928041164e-03
1.096478196143185091e+00 8.888162896250604780e-03
1.116863247780561119e+00 8.915954053332779405e-03
1.137627285823431089e+00 8.943740821264041518e-03
1.158777356155126226e+00 8.971523230782093433e-03
1.180320635651729733e+00 8.999301312250729962e-03
1.202264434617413169e+00 9.027075095639953278e-03
1.224616199265048833e+00 9.054844610508195474e-03
1.247383514242943248e+00 9.082609885986654003e-03
1.270574105208541971e+00 9.110370950765405221e-03
1.294195841449986339e+00 9.138127833081405305e-03
1.318256738556407459e+00 9.165880560708071501e-03
1.342764961137864255e+00 9.193629160946526976e-03
1.367728825595849518e+00 9.221373660618205695e-03
1.393156802945303641e+00 9.249114086058949150e-03
1.419057521689092605e+00 9.276850463114237610e-03
1.445439770745927888e+00 9.304582817135769249e-03
1.472312502432719272e+00 9.332311172978995095e-03
1.499684835502373970e+00 9.360035555001776364e-03
1.527566058238073232e+00 9.387755987063988936e-03
1.555965631605074950e+00 9.415472492527929282e-03
1.584893192461114042e+00 9.443185094259620715e-03
1.614358556826486879e+00 9.470893814630797908e-03
1.644371723214932413e+00 9.498598675521626941e-03
1.674942876026438210e+00 9.526299698324004750e-03
1.706082389003124256e+00 9.553996903945457045e-03
1.737800828749376247e+00 9.581690312813558388e-03
1.770108958317422099e+00 9.609379944880789420e-03
1.803017740859570006e+00 9.637065819629881541e-03
1.836538343348347313e+00 9.664747956079477315e-03
1.870682140365801605e+00 9.692426372790158631e-03
1.905460717963248340e+00 9.720101087870813145e-03
1.940885877592779307e+00 9.747772118985217546e-03
1.976969640111861937e+00 9.775439483358874110e-03
2.013724249862389293e+00 9.803103197786086631e-03
2.051162178825566951e+00 9.830763278637131772e-03
2.089296130854040978e+00 9.858419741865694086e-03
2.128139045982713196e+00 9.886072603016304514e-03
2.167704104819693889e+00 9.913721877231974899e-03
2.208004733018899213e+00 9.941367579261868939e-03
2.249054605835780318e+00 9.969009723469009557e-03
2.290867652767772267e+00 9.996648323838090364e-03
2.333458062281001943e+00 1.002428339398325936e-02
2.376840286624875898e+00 1.005191494715592521e-02
2.421029046736177470e+00 1.007954299625256865e-02
2.466039337234338547e+00 1.010716755382250545e-02
2.511886431509579687e+00 1.013478863207565271e-02
2.558585886905645257e+00 1.016240624289025014e-02
2.606153549998895258e+00 1.019002039782045642e-02
2.654605561975539096e+00 1.021763110810399583e-02
2.703958364108843160e+00 1.024523838466965056e-02
2.754228703338166273e+00 1.027284223814471827e-02
2.805433637951713077e+00 1.030044267886231872e-02
2.857590543374946446e+00 1.032803971686874211e-02
2.910717118066604936e+00 1.035563336193052152e-02
2.964831389524342331e+00 1.038322362354157299e-02
3.019951720402016093e+00 1.041081051093010849e-02
3.076096814740707952e+00 1.043839403306549493e-02
3.133285724315585608e+00 1.046597419866501961e-02
3.191537855100761600e+00 1.049355101620044924e-02
3.250872973854343595e+00 1.052112449390460794e-02
3.311311214825911176e+00 1.054869463977770386e-02
3.372873086588688896e+00 1.057626146159361923e-02
3.435579478998746605e+00 1.060382496690603742e-02
3.499451670283573179e+00 1.063138516305447978e-02
3.564511334262442599e+00 1.065894205717017769e-02
3.630780547701013994e+00 1.068649565618185783e-02
3.698281797802662751e+00 1.071404596682138007e-02
3.767037989839089107e+00 1.074159299562926773e-02
3.837072454922788367e+00 1.076913674896011822e-02
3.908408957924021099e+00 1.079667723298783320e-02
3.981071705534973137e+00 1.082421445371084534e-02
4.055085354483838778e+00 1.085174841695709866e-02
4.130475019901614253e+00 1.087927912838898038e-02
4.207266283844441901e+00 1.090680659350813132e-02
4.285485203974396029e+00 1.093433081766010187e-02
4.365158322401661017e+00 1.096185180603894034e-02
4.446312674691088596e+00 1.098936956369163387e-02
4.528975799036208727e+00 1.101688409552242613e-02
4.613175745603795619e+00 1.104439540629708304e-02
4.698941086052156102e+00 1.107190350064696759e-02
4.786300923226384896e+00 1.109940838307309739e-02
4.875284901033865026e+00 1.112691005795000271e-02
4.965923214503362715e+00 1.115440852952956190e-02
5.058246620031142449e+00 1.118190380194467384e-02
5.152286445817567007e+00 1.120939587921288873e-02
5.248074602497728058e+00 1.123688476523986360e-02
5.345643593969719554e+00 1.126437046382283355e-02
5.445026528424214085e+00 1.129185297865386260e-02
5.546257129579109879e+00 1.131933231332307548e-02
5.649369748123028501e+00 1.134680847132183042e-02
5.754399373371572146e+00 1.137428145604570812e-02
5.861381645140290253e+00 1.140175127079750064e-02
5.970352865838371770e+00 1.142921791879005639e-02
6.081350012787182457e+00 1.145668140314909378e-02
6.194410750767818108e+00 1.148414172691591441e-02
6.309573444801936049e+00 1.151159889304999469e-02
6.426877173170200130e+00 1.153905290443158274e-02
6.546361740672753449e+00 1.156650376386416691e-02
6.668067692136225411e+00 1.159395147407685060e-02
6.792036326171849936e+00 1.162139603772676007e-02
6.918309709189363055e+00 1.164883745740123537e-02
7.046930689671467185e+00 1.167627573562008032e-02
7.177942912713614732e+00 1.170371087483767190e-02
7.311390834834172736e+00 1.173114287744503673e-02
7.447319739059888200e+00 1.175857174577188413e-02
7.585775750291835706e+00 1.178599748208850571e-02
7.726805850957020994e+00 1.181342008860770607e-02
7.870457896950984633e+00 1.184083956748661730e-02
8.016780633876789963e+00 1.186825592082848060e-02
8.165823713585922405e+00 1.189566915068437057e-02
8.317637711026709013e+00 1.192307925905483623e-02
8.472274141405963022e+00 1.195048624789157507e-02
8.629785477669701166e+00 1.197789011909894917e-02
8.790225168308841930e+00 1.200529087453553606e-02
8.953647655495936775e+00 1.203268851601557721e-02
9.120108393559096527e+00 1.206008304531042304e-02
9.289663867799362151e+00 1.208747446414993980e-02
9.462371613657929004e+00 1.211486277422377592e-02
9.638290236239704711e+00 1.214224797718272547e-02
9.817479430199844259e+00 1.216963007463998242e-02
1.000000000000000000e+01 1.219700906817230805e-02
