1.009999999999999960e-02 1.000000000000000000e+00
1.024030120514262711e-02 1.000000000000000000e+00
1.038255136356886973e-02 1.000000000000000000e+00
1.052677754859500554e-02 1.000000000000000000e+00
1.067300720961839380e-02 1.000000000000000000e+00
1.082126817734170056e-02 1.000000000000000000e+00
1.097158866906968420e-02 1.000000000000000000e+00
1.112399729407955763e-02 9.999778569732238331e-01
1.127852305906595909e-02 9.998930862250364759e-01
1.143519537366158821e-02 9.997809992484899544e-01
1.159404405603447520e-02 9.996598121667904513e-01
1.175509933856302980e-02 9.995376503157917814e-01
1.191839187358992823e-02 9.994181724280859491e-01
1.208395273925594315e-02 9.993029560123923849e-01
1.225181344541477479e-02 9.991925767375319234e-01
1.242200593963005938e-02 9.990871219043188090e-01
1.259456261325569981e-02 9.989864440216692509e-01
1.276951630760065313e-02 9.988902892786933885e-01
1.294690032017935082e-02 9.987983634854882276e-01
1.312674841104892291e-02 9.987103658301502707e-01
1.330909480923448893e-02 9.986260057165264881e-01
1.349397421924370191e-02 9.985450105942020871e-01
1.368142182767177056e-02 9.984671289808781935e-01
1.387147330989821001e-02 9.983921309478995809e-01
1.406416483687667439e-02 9.983198073114852855e-01
1.425953308201908382e-02 9.982499682129853946e-01
1.445761522817537101e-02 9.981824414624205222e-01
1.465844897471016949e-02 9.981170708467919095e-01
1.486207254467784497e-02 9.980537145074626082e-01
1.506852469209719360e-02 9.979922434362540340e-01
1.527784470932716694e-02 9.979325401094297776e-01
1.549007243454504634e-02 9.978744972621700349e-01
1.570524825932853585e-02 9.978180167977290793e-01
1.592341313634318065e-02 9.977630088231381755e-01
1.614460858713654204e-02 9.977093908268991340e-01
1.636887671004063488e-02 9.976570862826690256e-01
1.659626018818417467e-02 9.976060262969762560e-01
1.682680229761613494e-02 9.975561453684974600e-01
1.706054691554211022e-02 9.975073836057768428e-01
1.729753852867507713e-02 9.974596855464060718e-01
1.753782224170221532e-02 9.974129995414257044e-01
1.778144378586934277e-02 9.973672775308654037e-01
1.802844952768452996e-02 9.973224746945890118e-01
1.827888647774267294e-02 9.972785491592277562e-01
1.853280229967262799e-02 9.972354617959330314e-01
1.879024531920867741e-02 9.971931761959126339e-01
1.905126453338795017e-02 9.971516566286935390e-01
1.931590961987561181e-02 9.971108723613825164e-01
1.958423094641963125e-02 9.970707922532192624e-01
1.985627958043687663e-02 9.970313875053791186e-01
2.013210729873235461e-02 9.969926311133946450e-01
2.041176659735343193e-02 9.969544974628473666e-01
2.069531070158102393e-02 9.969169623393604462e-01
2.098279357605952952e-02 9.968800027841475675e-01
2.127426993506747327e-02 9.968435970738865892e-01
2.156979525293080055e-02 9.968077245367044092e-01
2.186942577458088691e-02 9.967723655606121058e-01
2.217321852625919396e-02 9.967375014697587021e-01
2.248123132637058763e-02 9.967031144897693373e-01
2.279352279648742471e-02 9.966691876661620819e-01
2.311015237250654483e-02 9.966357048428520216e-01
2.343118031596123571e-02 9.966026505801522939e-01
2.375666772549030886e-02 9.965700101254258980e-01
2.408667654846648187e-02 9.965377693728937336e-01
2.442126959278632936e-02 9.965059148051661486e-01
2.476051053882404041e-02 9.964744334869153342e-01
2.510446395155115432e-02 9.964433130123435678e-01
2.545319529282465479e-02 9.964125414796072278e-01
2.580677093384583370e-02 9.963821074502815511e-01
2.616525816779219707e-02 9.963519999666520244e-01
2.652872522262480007e-02 9.963222084680329882e-01
2.689724127407350923e-02 9.962927228044300421e-01
2.727087645880266892e-02 9.962635332070878258e-01
2.764970188775966661e-02 9.962346302669319309e-01
2.803378965970888814e-02 9.962060049260220707e-01
2.842321287495366139e-02 9.961776484410291843e-01
2.881804564924884959e-02 9.961495523867740509e-01
2.921836312790675183e-02 9.961217086316032088e-01
2.962424150009886417e-02 9.960941093254048750e-01
3.003575801335630832e-02 9.960667468935899826e-01
3.045299098827177267e-02 9.960396139972685914e-01
3.087601983340563724e-02 9.960127035625343517e-01
3.130492506039916217e-02 9.959860087428654696e-01
3.173978829929755691e-02 9.959595229156963381e-01
3.218069231408599712e-02 9.959332396419388056e-01
3.262772101844146899e-02 9.959071527772899168e-01
3.308095949170333783e-02 9.958812562846283134e-01
3.354049399506577045e-02 9.958555443514816030e-01
3.400641198799515125e-02 9.958300113355281757e-01
3.447880214487557965e-02 9.958046517785732465e-01
3.495775437188551604e-02 9.957794603865035565e-01
3.544335982410884434e-02 9.957544320263791437e-01
3.593571092288371654e-02 9.957295617204048321e-01
3.643490137339239210e-02 9.957048446402114728e-01
3.694102618249534703e-02 9.956802761014355019e-01
3.745418167681312943e-02 9.956558515585676172e-01
3.797446552105943757e-02 9.956315666000637998e-01
3.850197673662891784e-02 9.956074169502694415e-01
3.903681572044303411e-02 9.955833984390540792e-01
3.957908426405778307e-02 9.955595070360561127e-01
4.012888557303687792e-02 9.955357388212572323e-01
4.068632428659406386e-02 9.955120899874936313e-01
4.125150649750822934e-02 9.954885568368335713e-01
4.182453977231510855e-02 9.954651357487513952e-01
4.240553317177960663e-02 9.954418232845445580e-01
4.299459727165250850e-02 9.954186160316476073e-01
4.359184418371537389e-02 9.953955106882242942e-01
4.419738757711785121e-02 9.953725040558027981e-01
4.481134270001144865e-02 9.953495930225386701e-01
4.543382640148380808e-02 9.953267745641360964e-01
4.606495715379759631e-02 9.953040457412508646e-01
4.670485507493833677e-02 9.952814036969936939e-01
4.735364195147551830e-02 9.952588456545286011e-01
4.801144126174130417e-02 9.952363688461255409e-01
4.867837819933110155e-02 9.952139708511732463e-01
4.935457969693059915e-02 9.951916489195120619e-01
5.004017445047388019e-02 9.951694006443246865e-01
5.073529294363711417e-02 9.951472236035303620e-01
5.144006747267243496e-02 9.951251154611585603e-01
5.215463217158670950e-02 9.951030739405856140e-01
5.287912303767026978e-02 9.950810968289585112e-01
5.361367795738020831e-02 9.950591819754722733e-01
5.435843673258311526e-02 9.950373272897335974e-01
5.511354110716240595e-02 9.950155307107170222e-01
5.587913479399533173e-02 9.949937903172150211e-01
5.665536350230471196e-02 9.949721041677419553e-01
5.744237496539057741e-02 9.949504703904425984e-01
5.824031896874692915e-02 9.949288871764669917e-01
5.904934737856931681e-02 9.949073527646463688e-01
5.986961417065830848e-02 9.948858654437475746e-01
6.070127545972441724e-02 9.948644235511624467e-01
6.154448952910007709e-02 9.948430254716366106e-01
6.239941686086448308e-02 9.948216696360320244e-01
6.326622016638688839e-02 9.948003545201260511e-01
6.414506441729413144e-02 9.947790786434442811e-01
6.503611687686819409e-02 9.947578405681211100e-01
6.593954713188020234e-02 9.947366388978017282e-01
6.685552712486651783e-02 9.947154722830497953e-01
6.778423118685311666e-02 9.946943393946788836e-01
6.872583607053452115e-02 9.946732389607694236e-01
6.968052098391377958e-02 9.946521697405342755e-01
7.064846762440973871e-02 9.946311305296205996e-01
7.162986021343793752e-02 9.946101201591763807e-01
7.262488553147194992e-02 9.945891374949731301e-01
7.363373295359182391e-02 9.945681814077397265e-01
7.465659448552640354e-02 9.945472508824012570e-01
7.569366480019611154e-02 9.945263448608000489e-01
7.674514127476342318e-02 9.945054623311710973e-01
7.781122402819810879e-02 9.944846023224750420e-01
7.889211595936435062e-02 9.944637638895057474e-01
7.998802278563672818e-02 9.944429461157880956e-01
8.109915308205267737e-02 9.944221481128284745e-01
8.222571832100894484e-02 9.944013690193811428e-01
8.336793291250950422e-02 9.943806080007361325e-01
8.452601424497238614e-02 9.943598642480214744e-01
8.570018272660336056e-02 9.943391369101409749e-01
8.689066182734452026e-02 9.943184254300344582e-01
8.809767812140557874e-02 9.942977288701807526e-01
8.932146133038586233e-02 9.942770465921011436e-01
9.056224436699517044e-02 9.942563778939198516e-01
9.182026337938234417e-02 9.942357221142318346e-01
9.309575779607943968e-02 9.942150786069041679e-01
9.438897037157016612e-02 9.941944467466622415e-01
9.570014723249130328e-02 9.941738259285277657e-01
9.702953792447598091e-02 9.941532155672982984e-01
9.837739545964786780e-02 9.941326150932219274e-01
9.974397636477477791e-02 9.941120239668154168e-01
1.011295407300912136e-01 9.940914416226576122e-01
1.025343522587993383e-01 9.940708676117437914e-01
1.039586783172575662e-01 9.940503014046880859e-01
1.054027899858661077e-01 9.940297425275324006e-01
1.068669621106594358e-01 9.940091905188428445e-01
1.083514733556155685e-01 9.939886449329927709e-01
1.098566062556919909e-01 9.939681053397263488e-01
1.113826472705982396e-01 9.939475713237271304e-01
1.129298868393152216e-01 9.939270424842034934e-01
1.144986194353722758e-01 9.939065184344837434e-01
1.160891436228920492e-01 9.938859988016113256e-01
1.177017621134135994e-01 9.938654831613213947e-01
1.193367818235050032e-01 9.938449713608819014e-01
1.209945139331763259e-01 9.938244628722788798e-01
1.226752739451041352e-01 9.938039574446391189e-01
1.243793817446784411e-01 9.937834547555718379e-01
1.261071616608837598e-01 9.937629545127993902e-01
1.278589425280261260e-01 9.937424564290858742e-01
1.296350577483176003e-01 9.937219602280848996e-01
1.314358453553298167e-01 9.937014656440255056e-01
1.332616480783291590e-01 9.936809724214327177e-01
1.351128134075056109e-01 9.936604803148118004e-01
1.369896936601079640e-01 9.936399890884448638e-01
1.388926460474973479e-01 9.936194984833686128e-01
1.408220327431322916e-01 9.935990083448493770e-01
1.427782209514981970e-01 9.935785184290470973e-01
1.447615829779947683e-01 9.935580285395020361e-01
1.467724962997935534e-01 9.935375384843265767e-01
1.488113436376800325e-01 9.935170480796587933e-01
1.508785130288938792e-01 9.934965571494382974e-01
1.529743979009811072e-01 9.934760655251654304e-01
1.550993971466718135e-01 9.934555730456541278e-01
1.572539151997979223e-01 9.934350795568160919e-01
1.594383621122660299e-01 9.934145849114508486e-01
1.616531536320994222e-01 9.933940889025805188e-01
1.638987112825638082e-01 9.933735915954217122e-01
1.661754624423923132e-01 9.933530926628255653e-01
1.684838404271250811e-01 9.933325920494542327e-01
1.708242845715788882e-01 9.933120896458599303e-01
1.731972403134620642e-01 9.932915853291442998e-01
1.756031592781508444e-01 9.932710790008164592e-01
1.780424993646436138e-01 9.932505705614587121e-01
1.805157248327094455e-01 9.932300599167926958e-01
1.830233063912465319e-01 9.932095469775491514e-01
1.855657212878684126e-01 9.931890316593283696e-01
1.881434533997345948e-01 9.931685138824301040e-01
1.907569933256433314e-01 9.931479935717691943e-01
1.934068384794029871e-01 9.931274706215297288e-01
1.960934931845006446e-01 9.931069450273516397e-01
1.988174687700860754e-01 9.930864166985817754e-01
2.015792836682889777e-01 9.930658855754690428e-01
2.043794635128879100e-01 9.930453516029275063e-01
2.072185412393495463e-01 9.930248147295194228e-01
2.100970571862582348e-01 9.930042749073564323e-01
2.130155591981544028e-01 9.929837320919345789e-01
2.159746027298011795e-01 9.929631862420491561e-01
2.189747509518994162e-01 9.929426373196714728e-01
2.220165748582714760e-01 9.929220832717345901e-01
2.251006533745341931e-01 9.929014677134793132e-01
2.282275734682807922e-01 9.928807531538283992e-01
2.313979302607934996e-01 9.928599233778084843e-01
2.346123271403081911e-01 9.928389629911500425e-01
2.378713758768528641e-01 9.928178571839205713e-01
2.411756967386804174e-01 9.927965919122209160e-01
2.445259186103190818e-01 9.927751539268734327e-01
2.479226791122631779e-01 9.927535308124142421e-01
2.513666247223264594e-01 9.927317110039075576e-01
2.548584108986807206e-01 9.927096837914427541e-01
2.583987022046035364e-01 9.926874393146460918e-01
2.619881724349596430e-01 9.926649685499100428e-01
2.656275047444387472e-01 9.926422632913459720e-01
2.693173917775748549e-01 9.926193160924603465e-01
2.730585358005712671e-01 9.925961203758619789e-01
2.768516488349574978e-01 9.925726701990277290e-01
2.806974527931027641e-01 9.925489603672474903e-01
2.845966796156116363e-01 9.925249863576670606e-01
2.885500714106276066e-01 9.925007442902248345e-01
2.925583805950733307e-01 9.924762308948277267e-01
2.966223700378519124e-01 9.924514434785468575e-01
3.007428132050374847e-01 9.924263798931644009e-01
3.049204943070822349e-01 9.924010385034057746e-01
3.091562084480692363e-01 9.923754181557721266e-01
3.134507617770384003e-01 9.923495180822214934e-01
3.178049716414140802e-01 9.923233381948358689e-01
3.222196667425635819e-01 9.922968784223524796e-01
3.266956872935177780e-01 9.922701393051838181e-01
3.312338851788820260e-01 9.922431216711076196e-01
3.358351241169684198e-01 9.922158266444340846e-01
3.405002798241799078e-01 9.921882556599557201e-01
3.452302401816783051e-01 9.921604104151539039e-01
3.500259054043681761e-01 9.921322928547704478e-01
3.548881882122268960e-01 9.921039051502527073e-01
3.598180140040150299e-01 9.920752496803438847e-01
3.648163210334001705e-01 9.920463290125233202e-01
3.698840605875273746e-01 9.920171458857943714e-01
3.750221971680699484e-01 9.919877031941864987e-01
3.802317086747944996e-01 9.919580039347756228e-01
3.855135865916770044e-01 9.919280513293686763e-01
3.908688361756045837e-01 9.918978486172808084e-01
3.962984766476971288e-01 9.918673991655002631e-01
4.018035413872872996e-01 9.918367064270827704e-01
4.073850781285953682e-01 9.918057739298995479e-01
4.130441491601364312e-01 9.917746052659875966e-01
4.187818315268967972e-01 9.917432040816939187e-01
4.245992172353187377e-01 9.917115740684372405e-01
4.304974134611336822e-01 9.916797189540855761e-01
4.364775427600822155e-01 9.916476424949894897e-01
4.425407432815608444e-01 9.916153484573242416e-01
4.486881689852359467e-01 9.915828406551934204e-01
4.549209898606682567e-01 9.915501228763399233e-01
4.612403921499879100e-01 9.915171989280938680e-01
4.676475785736614599e-01 9.914840725952549505e-01
4.741437685593958840e-01 9.914507476726269752e-01
4.807301984742226031e-01 9.914172279352468919e-01
4.874081218598054766e-01 9.913835171407727742e-01
4.941788096710170719e-01 9.913496190251110951e-01
5.010435505178284510e-01 9.913155372989594927e-01
5.080036509105602116e-01 9.912812756449264073e-01
5.150604355085409702e-01 9.912468377140625231e-01
5.222152473722178057e-01 9.912122271234297122e-01
5.294694482187702889e-01 9.911774474180177208e-01
5.368244186812746177e-01 9.911425021833900617e-01
5.442815585714699811e-01 9.911073949313635723e-01
5.518422871461715618e-01 9.910721290994822796e-01
5.595080433773867989e-01 9.910367081020722280e-01
5.672802862261828727e-01 9.910011353080647734e-01
5.751604949203598105e-01 9.909654140396525479e-01
5.831501692359795097e-01 9.909295475715557133e-01
5.912508297828049653e-01 9.908935391298889783e-01
5.994640182937064354e-01 9.908573918914279632e-01
6.077912979180873920e-01 9.908211089830250007e-01
6.162342535193855442e-01 9.907846934148328844e-01
6.247944919767063343e-01 9.907481484116272830e-01
6.334736424906475261e-01 9.907114767467777305e-01
6.422733568933729487e-01 9.906746814140502400e-01
6.511953099629911312e-01 9.906377652896430908e-01
6.602411997423016654e-01 9.906007311815706595e-01
6.694127478619708027e-01 9.905635818650083690e-01
6.787116998681956836e-01 9.905263200580890492e-01
6.881398255549195930e-01 9.904889484274372879e-01
6.976989193006616352e-01 9.904514695890370701e-01
7.073908004100271096e-01 9.904138861087155021e-01
7.172173134599610922e-01 9.903762005017562320e-01
7.271803286508118358e-01 9.903384152337686430e-01
7.372817421622696044e-01 9.903005327215538278e-01
7.475234765142518834e-01 9.902625552986678015e-01
7.579074809328019136e-01 9.902244853444264194e-01
7.684357317210680494e-01 9.901863251020899259e-01
7.791102326354368834e-01 9.901480767959661700e-01
7.899330152668926353e-01 9.901097426018580228e-01
8.009061394276740797e-01 9.900713246512937715e-01
8.120316935433012917e-01 9.900328250298546795e-01
8.233117950500475901e-01 9.899942457780218641e-01
8.347485907979347308e-01 9.899555888923038394e-01
8.463442574593266210e-01 9.899168563253883946e-01
8.581010019431968283e-01 9.898780499873109928e-01
8.700210618151502651e-01 9.898391716809354923e-01
8.821067057232822028e-01 9.898002234269789312e-01
8.943602338299523336e-01 9.897612068164214350e-01
9.067839782495550338e-01 9.897221236654079046e-01
9.193803034923709872e-01 9.896829756630433073e-01
9.321516069145862060e-01 9.896437644915351273e-01
9.451003191745616094e-01 9.896044917758580750e-01
9.582289046954404199e-01 9.895651591071641384e-01
9.715398621341803098e-01 9.895257680405421530e-01
9.850357248571037783e-01 9.894863200952168647e-01
9.987190614220533558e-01 9.894468167549104187e-01
1.012592476067245117e+00 9.894072594605979321e-01
1.026658609206907435e+00 9.893676496445936719e-01
1.040920137933816436e+00 9.893279886811676693e-01
1.055379776528800884e+00 9.892882778848962610e-01
1.070040276977330285e+00 9.892485186352881765e-01
1.084904429493278810e+00 9.892087121901272928e-01
1.099975063049959845e+00 9.891688598049843684e-01
1.115255045918548626e+00 9.891289627055617206e-01
1.130747286213972247e+00 9.890890220884306361e-01
1.146454732448385361e+00 9.890490391209486587e-01
1.162380374092343294e+00 9.890090149432985145e-01
1.178527242143758480e+00 9.889689506673090547e-01
1.194898409704766795e+00 9.889288473784911826e-01
1.211496992566608144e+00 9.888887061360810415e-01
1.228326149802624112e+00 9.888485279103522707e-01
1.245389084369506350e+00 9.888083139031660362e-01
1.262689043716885173e+00 9.887680649109366060e-01
1.280229320405386950e+00 9.887277819793615086e-01
1.298013252733287937e+00 9.886874661461565461e-01
1.316044225371860277e+00 9.886471177103401953e-01
1.334325670009550047e+00 9.886067381408762955e-01
1.352861066005103918e+00 9.885663284739614198e-01
1.371653941049762793e+00 9.885258893429762495e-01
1.390707871838665177e+00 9.884854213981516535e-01
1.410026484751567555e+00 9.884449255678309232e-01
1.429613456543019634e+00 9.884044026394269711e-01
1.449472515042138587e+00 9.883638533782679314e-01
1.469607439862091525e+00 9.883232785322384473e-01
1.490022063119440077e+00 9.882826788250040906e-01
1.510720270163476986e+00 9.882420549448009961e-01
1.531706000315687932e+00 9.882014076344247666e-01
1.552983247619498020e+00 9.881607375451311182e-01
1.574556061600422829e+00 9.881200453350004187e-01
1.596428548036775918e+00 9.880793316461274900e-01
1.618604869741097740e+00 9.880385971043721405e-01
1.641089247352424341e+00 9.879978423201413174e-01
1.663885960139567910e+00 9.879570678889050273e-01
1.686999346815557521e+00 9.879162743905335331e-01
1.710433806363383713e+00 9.878754623796317524e-01
1.734193798873232328e+00 9.878346323670811335e-01
1.758283846391331506e+00 9.877937850732937397e-01
1.782708533780590354e+00 9.877529208391526705e-01
1.807472509593210264e+00 9.877120402803505339e-01
1.832580486955397658e+00 9.876711435955730645e-01
1.858037244464378235e+00 9.876302313480497252e-01
1.883847627097868793e+00 9.875893046711978762e-01
1.910016547136176301e+00 9.875483634026248625e-01
1.936548985097123143e+00 9.875074080929056031e-01
1.963449990683942437e+00 9.874664392651179012e-01
1.990724683746341928e+00 9.874254572058008828e-01
2.018378255254934306e+00 9.873844624123946367e-01
2.046415968289185816e+00 9.873434552877166093e-01
2.074843159039095219e+00 9.873024362362686768e-01
2.103665237820792289e+00 9.872614056189391585e-01
2.132887690106228362e+00 9.872203638064281916e-01
2.162516077567196326e+00 9.871793112091954425e-01
2.192556039133830570e+00 9.871382481588406588e-01
2.223013292067812507e+00 9.870971750024513103e-01
2.253893633050504608e+00 9.870560920639107616e-01
2.285202939286175461e+00 9.870149997009818321e-01
2.316947169620563685e+00 9.869738982217742818e-01
2.349132365674978296e+00 9.869327879396534442e-01
2.381764652996141152e+00 9.868916691600673197e-01
2.414850242222029042e+00 9.868505421802148403e-01
2.448395430263884176e+00 9.868094072273538853e-01
2.482406601504648425e+00 9.867682647734676848e-01
2.516890229014065561e+00 9.867271149047146528e-01
2.551852875780637131e+00 9.866859579582889506e-01
2.587301195960706401e+00 9.866447941818785594e-01
2.623241936144891540e+00 9.866036238406101777e-01
2.659681936642099842e+00 9.865624471792215910e-01
2.696628132781402787e+00 9.865212644421850197e-01
2.734087556231973970e+00 9.864800758663601066e-01
2.772067336341360377e+00 9.864388816766955781e-01
2.810574701492370320e+00 9.863976821020448149e-01
2.849616980478781869e+00 9.863564773572750521e-01
2.889201603900174220e+00 9.863152676609031611e-01
2.929336105576137772e+00 9.862740532131804017e-01
2.970028123980111623e+00 9.862328342208815934e-01
3.011285403693171325e+00 9.861916108522015278e-01
3.053115796877981403e+00 9.861503833503511007e-01
3.095527264773225706e+00 9.861091518783080545e-01
3.138527879208823812e+00 9.860679166182669819e-01
3.182125824142163051e+00 9.860266777318531517e-01
3.226329397215689454e+00 9.859854354230533913e-01
3.271147011336132948e+00 9.859441898452324660e-01
3.316587196275653238e+00 9.859029411630065853e-01
3.362658600295264755e+00 9.858616895385436951e-01
3.409369991790777377e+00 9.858204351255785980e-01
3.456730260961604184e+00 9.857791780146001326e-01
3.504748421502781763e+00 9.857379185431925928e-01
3.553433612320460622e+00 9.856966566670287699e-01
3.602795099271240531e+00 9.856553925939859351e-01
3.652842276925670095e+00 9.856141264532644053e-01
3.703584670356224962e+00 9.855728583820946298e-01
3.755031936950159022e+00 9.855315885125048858e-01
3.807193868247504831e+00 9.854903169706964450e-01
3.860080391804607824e+00 9.854490438793566121e-01
3.913701573083578911e+00 9.854077693623876089e-01
3.968067617367956768e+00 9.853664935371376776e-01
4.023188871705001723e+00 9.853252165152949216e-01
4.079075826874967170e+00 9.852839384083230678e-01
4.135739119387710439e+00 9.852426593439683744e-01
4.193189533507077016e+00 9.852013793912347550e-01
4.251438003303366742e+00 9.851600986560057338e-01
4.310495614734319858e+00 9.851188172820836142e-01
4.370373607755035472e+00 9.850775353454500616e-01
4.431083378457169708e+00 9.850362529401521794e-01
4.492636481237862967e+00 9.849949701615710040e-01
4.555044630998797750e+00 9.849536870706455671e-01
4.618319705375785844e+00 9.849124038139918103e-01
4.682473746999366249e+00 9.848711204481955805e-01
4.747518965786768241e+00 9.848298370578654204e-01
4.813467741265714750e+00 9.847885537310768767e-01
4.880332624930539431e+00 9.847472704734084870e-01
4.948126342630997598e+00 9.847059875630036485e-01
5.016861796994275480e+00 9.846647048842709360e-01
5.086552069880646343e+00 9.846234225730984280e-01
5.157210424873218457e+00 9.845821407085965093e-01
5.228850309802309582e+00 9.845408593480222681e-01
5.301485359304855649e+00 9.844995785728889448e-01
5.375129397419356359e+00 9.844582984465851672e-01
5.449796440216929660e+00 9.844170190307929280e-01
5.525500698468852612e+00 9.843757403933066641e-01
5.602256580351189896e+00 9.843344625985835927e-01
5.680078694186985189e+00 9.842931857035981391e-01
5.758981851226528725e+00 9.842519097686373009e-01
5.838981068466289948e+00 9.842106348626300516e-01
5.920091571506969075e+00 9.841693610163989581e-01
6.002328797451239595e+00 9.841280882761620497e-01
6.085708397841803396e+00 9.840868167461382932e-01
6.170246241640199969e+00 9.840455464483428560e-01
6.255958418247018926e+00 9.840042774416415394e-01
6.342861240564076297e+00 9.839630097731928426e-01
6.430971248099085713e+00 9.839217434827075559e-01
6.520305210113528815e+00 9.838804786012315118e-01
6.610880128814195622e+00 9.838392152215367226e-01
6.702713242589053877e+00 9.837979533664499288e-01
6.795822029288131283e+00 9.837566930785651698e-01
6.890224209549907108e+00 9.837154343367208176e-01
6.985937750173941474e+00 9.836741773739028361e-01
7.082980867540361380e+00 9.836329220372511672e-01
7.181372031076803886e+00 9.835916684374894636e-01
7.281129966773598028e+00 9.835504165978316005e-01
7.382273660747706856e+00 9.835091665823191276e-01
7.484822362856179190e+00 9.834679183989829543e-01
7.588795590359861620e+00 9.834266721028661618e-01
7.694213131637934744e+00 9.833854277235644092e-01
7.801095049954074767e+00 9.833441852904244440e-01
7.909461687274947472e+00 9.833029448446208853e-01
8.019333668141690907e+00 9.832617064119335559e-01
8.130731903595265209e+00 9.832204700383246898e-01
8.243677595156265525e+00 9.831792357254555137e-01
8.358192238859997403e+00 9.831380035437556897e-01
8.474297629347699257e+00 9.830967735062321466e-01
8.592015864014509674e+00 9.830555455816019084e-01
8.711369347215082826e+00 9.830143198983175568e-01
8.832380794527647794e+00 9.829730964263124759e-01
8.955073237077233017e+00 9.829318752212978794e-01
9.079470025919055942e+00 9.828906562824724080e-01
9.205594836482706711e+00 9.828494396086666640e-01
9.333471673078079789e+00 9.828082253038766813e-01
9.463124873463961251e+00 9.827670133501723582e-01
9.594579113480016019e+00 9.827258037658586076e-01
9.727859411743136064e+00 9.826845965101956848e-01
9.862991134409046623e+00 9.826433918158727909e-01
1.000000000000000000e+01 9.826021894837868587e-01
