1.000000000000000000e-02 0.000000000000000000e+00
1.024030120514262711e-02 0.000000000000000000e+00
1.038255136356886973e-02 0.000000000000000000e+00
1.052677754859500554e-02 0.000000000000000000e+00
1.067300720961839380e-02 0.000000000000000000e+00
1.082126817734170056e-02 0.000000000000000000e+00
1.097158866906968420e-02 0.000000000000000000e+00
1.112399729407955763e-02 0.000000000000000000e+00
1.127852305906595909e-02 0.000000000000000000e+00
1.143519537366158821e-02 0.000000000000000000e+00
1.159404405603447520e-02 0.000000000000000000e+00
1.175509933856302980e-02 0.000000000000000000e+00
1.191839187358992823e-02 0.000000000000000000e+00
1.208395273925594315e-02 0.000000000000000000e+00
1.225181344541477479e-02 0.000000000000000000e+00
1.242200593963005938e-02 0.000000000000000000e+00
1.259456261325569981e-02 0.000000000000000000e+00
1.276951630760065313e-02 0.000000000000000000e+00
1.294690032017935082e-02 0.000000000000000000e+00
1.312674841104892291e-02 0.000000000000000000e+00
1.330909480923448893e-02 0.000000000000000000e+00
1.349397421924370191e-02 0.000000000000000000e+00
1.368142182767177056e-02 0.000000000000000000e+00
1.387147330989821001e-02 0.000000000000000000e+00
1.406416483687667439e-02 0.000000000000000000e+00
1.425953308201908382e-02 0.000000000000000000e+00
1.445761522817537101e-02 0.000000000000000000e+00
1.465844897471016949e-02 0.000000000000000000e+00
1.486207254467784497e-02 0.000000000000000000e+00
1.506852469209719360e-02 0.000000000000000000e+00
1.527784470932716694e-02 0.000000000000000000e+00
1.549007243454504634e-02 0.000000000000000000e+00
1.570524825932853585e-02 0.000000000000000000e+00
1.592341313634318065e-02 0.000000000000000000e+00
1.614460858713654204e-02 0.000000000000000000e+00
1.636887671004063488e-02 0.000000000000000000e+00
1.659626018818417467e-02 0.000000000000000000e+00
1.682680229761613494e-02 0.000000000000000000e+00
1.706054691554211022e-02 0.000000000000000000e+00
1.729753852867507713e-02 0.000000000000000000e+00
1.753782224170221532e-02 0.000000000000000000e+00
1.778144378586934277e-02 0.000000000000000000e+00
1.802844952768452996e-02 0.000000000000000000e+00
1.827888647774267294e-02 0.000000000000000000e+00
1.853280229967262799e-02 0.000000000000000000e+00
1.879024531920867741e-02 0.000000000000000000e+00
1.905126453338795017e-02 0.000000000000000000e+00
1.931590961987561181e-02 0.000000000000000000e+00
1.958423094641963125e-02 0.000000000000000000e+00
1.985627958043687663e-02 0.000000000000000000e+00
2.013210729873235461e-02 0.000000000000000000e+00
2.041176659735343193e-02 0.000000000000000000e+00
2.069531070158102393e-02 0.000000000000000000e+00
2.098279357605952952e-02 0.000000000000000000e+00
2.127426993506747327e-02 0.000000000000000000e+00
2.156979525293080055e-02 0.000000000000000000e+00
2.186942577458088691e-02 0.000000000000000000e+00
2.217321852625919396e-02 0.000000000000000000e+00
2.248123132637058763e-02 0.000000000000000000e+00
2.279352279648742471e-02 0.000000000000000000e+00
2.311015237250654483e-02 0.000000000000000000e+00
2.343118031596123571e-02 0.000000000000000000e+00
2.375666772549030886e-02 0.000000000000000000e+00
2.408667654846648187e-02 0.000000000000000000e+00
2.442126959278632936e-02 0.000000000000000000e+00
2.476051053882404041e-02 0.000000000000000000e+00
2.510446395155115432e-02 0.000000000000000000e+00
2.545319529282465479e-02 0.000000000000000000e+00
2.580677093384583370e-02 0.000000000000000000e+00
2.616525816779219707e-02 0.000000000000000000e+00
2.652872522262480007e-02 0.000000000000000000e+00
2.689724127407350923e-02 0.000000000000000000e+00
2.727087645880266892e-02 0.000000000000000000e+00
2.764970188775966661e-02 0.000000000000000000e+00
2.803378965970888814e-02 0.000000000000000000e+00
2.842321287495366139e-02 0.000000000000000000e+00
2.881804564924884959e-02 0.000000000000000000e+00
2.921836312790675183e-02 0.000000000000000000e+00
2.962424150009886417e-02 0.000000000000000000e+00
3.003575801335630832e-02 0.000000000000000000e+00
3.045299098827177267e-02 0.000000000000000000e+00
3.087601983340563724e-02 0.000000000000000000e+00
3.130492506039916217e-02 0.000000000000000000e+00
3.173978829929755691e-02 0.000000000000000000e+00
3.218069231408599712e-02 0.000000000000000000e+00
3.262772101844146899e-02 0.000000000000000000e+00
3.308095949170333783e-02 0.000000000000000000e+00
3.354049399506577045e-02 0.000000000000000000e+00
3.400641198799515125e-02 0.000000000000000000e+00
3.447880214487557965e-02 0.000000000000000000e+00
3.495775437188551604e-02 0.000000000000000000e+00
3.544335982410884434e-02 0.000000000000000000e+00
3.593571092288371654e-02 0.000000000000000000e+00
3.643490137339239210e-02 0.000000000000000000e+00
3.694102618249534703e-02 0.000000000000000000e+00
3.745418167681312943e-02 0.000000000000000000e+00
3.797446552105943757e-02 0.000000000000000000e+00
3.850197673662891784e-02 0.000000000000000000e+00
3.903681572044303411e-02 0.000000000000000000e+00
3.957908426405778307e-02 0.000000000000000000e+00
4.012888557303687792e-02 0.000000000000000000e+00
4.068632428659406386e-02 0.000000000000000000e+00
4.125150649750822934e-02 0.000000000000000000e+00
4.182453977231510855e-02 0.000000000000000000e+00
4.240553317177960663e-02 0.000000000000000000e+00
4.299459727165250850e-02 0.000000000000000000e+00
4.359184418371537389e-02 0.000000000000000000e+00
4.419738757711785121e-02 0.000000000000000000e+00
4.481134270001144865e-02 0.000000000000000000e+00
4.543382640148380808e-02 0.000000000000000000e+00
4.606495715379759631e-02 0.000000000000000000e+00
4.670485507493833677e-02 0.000000000000000000e+00
4.735364195147551830e-02 0.000000000000000000e+00
4.801144126174130417e-02 0.000000000000000000e+00
4.867837819933110155e-02 0.000000000000000000e+00
4.935457969693059915e-02 0.000000000000000000e+00
5.004017445047388019e-02 0.000000000000000000e+00
5.073529294363711417e-02 0.000000000000000000e+00
5.144006747267243496e-02 0.000000000000000000e+00
5.215463217158670950e-02 0.000000000000000000e+00
5.287912303767026978e-02 0.000000000000000000e+00
5.361367795738020831e-02 0.000000000000000000e+00
5.435843673258311526e-02 0.000000000000000000e+00
5.511354110716240595e-02 0.000000000000000000e+00
5.587913479399533173e-02 0.000000000000000000e+00
5.665536350230471196e-02 0.000000000000000000e+00
5.744237496539057741e-02 0.000000000000000000e+00
5.824031896874692915e-02 0.000000000000000000e+00
5.904934737856931681e-02 0.000000000000000000e+00
5.986961417065830848e-02 0.000000000000000000e+00
6.070127545972441724e-02 0.000000000000000000e+00
6.154448952910007709e-02 0.000000000000000000e+00
6.239941686086448308e-02 0.000000000000000000e+00
6.326622016638688839e-02 0.000000000000000000e+00
6.414506441729413144e-02 0.000000000000000000e+00
6.503611687686819409e-02 0.000000000000000000e+00
6.593954713188020234e-02 0.000000000000000000e+00
6.685552712486651783e-02 0.000000000000000000e+00
6.778423118685311666e-02 0.000000000000000000e+00
6.872583607053452115e-02 0.000000000000000000e+00
6.968052098391377958e-02 0.000000000000000000e+00
7.064846762440973871e-02 0.000000000000000000e+00
7.162986021343793752e-02 0.000000000000000000e+00
7.262488553147194992e-02 0.000000000000000000e+00
7.363373295359182391e-02 0.000000000000000000e+00
7.465659448552640354e-02 0.000000000000000000e+00
7.569366480019611154e-02 0.000000000000000000e+00
7.674514127476342318e-02 0.000000000000000000e+00
7.781122402819810879e-02 0.000000000000000000e+00
7.889211595936435062e-02 0.000000000000000000e+00
7.998802278563672818e-02 0.000000000000000000e+00
8.109915308205267737e-02 0.000000000000000000e+00
8.222571832100894484e-02 0.000000000000000000e+00
8.336793291250950422e-02 0.000000000000000000e+00
8.452601424497238614e-02 0.000000000000000000e+00
8.570018272660336056e-02 0.000000000000000000e+00
8.689066182734452026e-02 0.000000000000000000e+00
8.809767812140557874e-02 0.000000000000000000e+00
8.932146133038586233e-02 0.000000000000000000e+00
9.056224436699517044e-02 0.000000000000000000e+00
9.182026337938234417e-02 0.000000000000000000e+00
9.309575779607943968e-02 0.000000000000000000e+00
9.438897037157016612e-02 0.000000000000000000e+00
9.570014723249130328e-02 0.000000000000000000e+00
9.702953792447598091e-02 0.000000000000000000e+00
9.837739545964786780e-02 0.000000000000000000e+00
9.974397636477477791e-02 0.000000000000000000e+00
1.011295407300912136e-01 0.000000000000000000e+00
1.025343522587993383e-01 0.000000000000000000e+00
1.039586783172575662e-01 0.000000000000000000e+00
1.054027899858661077e-01 0.000000000000000000e+00
1.068669621106594358e-01 0.000000000000000000e+00
1.083514733556155685e-01 0.000000000000000000e+00
1.098566062556919909e-01 0.000000000000000000e+00
1.113826472705982396e-01 0.000000000000000000e+00
1.129298868393152216e-01 0.000000000000000000e+00
1.144986194353722758e-01 0.000000000000000000e+00
1.160891436228920492e-01 0.000000000000000000e+00
1.177017621134135994e-01 0.000000000000000000e+00
1.193367818235050032e-01 0.000000000000000000e+00
1.209945139331763259e-01 0.000000000000000000e+00
1.226752739451041352e-01 0.000000000000000000e+00
1.243793817446784411e-01 0.000000000000000000e+00
1.261071616608837598e-01 0.000000000000000000e+00
1.278589425280261260e-01 0.000000000000000000e+00
1.296350577483176003e-01 0.000000000000000000e+00
1.314358453553298167e-01 0.000000000000000000e+00
1.332616480783291590e-01 0.000000000000000000e+00
1.351128134075056109e-01 0.000000000000000000e+00
1.369896936601079640e-01 0.000000000000000000e+00
1.388926460474973479e-01 0.000000000000000000e+00
1.408220327431322916e-01 0.000000000000000000e+00
1.427782209514981970e-01 0.000000000000000000e+00
1.447615829779947683e-01 0.000000000000000000e+00
1.467724962997935534e-01 0.000000000000000000e+00
1.488113436376800325e-01 0.000000000000000000e+00
1.508785130288938792e-01 0.000000000000000000e+00
1.529743979009811072e-01 0.000000000000000000e+00
1.550993971466718135e-01 0.000000000000000000e+00
1.572539151997979223e-01 0.000000000000000000e+00
1.594383621122660299e-01 0.000000000000000000e+00
1.616531536320994222e-01 0.000000000000000000e+00
1.638987112825638082e-01 0.000000000000000000e+00
1.661754624423923132e-01 0.000000000000000000e+00
1.684838404271250811e-01 0.000000000000000000e+00
1.708242845715788882e-01 0.000000000000000000e+00
1.731972403134620642e-01 0.000000000000000000e+00
1.756031592781508444e-01 0.000000000000000000e+00
1.780424993646436138e-01 0.000000000000000000e+00
1.805157248327094455e-01 0.000000000000000000e+00
1.830233063912465319e-01 0.000000000000000000e+00
1.855657212878684126e-01 0.000000000000000000e+00
1.881434533997345948e-01 0.000000000000000000e+00
1.907569933256433314e-01 0.000000000000000000e+00
1.934068384794029871e-01 0.000000000000000000e+00
1.960934931845006446e-01 0.000000000000000000e+00
1.988174687700860754e-01 0.000000000000000000e+00
2.015792836682889777e-01 0.000000000000000000e+00
2.043794635128879100e-01 0.000000000000000000e+00
2.072185412393495463e-01 0.000000000000000000e+00
2.100970571862582348e-01 0.000000000000000000e+00
2.130155591981544028e-01 0.000000000000000000e+00
2.159746027298011795e-01 0.000000000000000000e+00
2.189747509518994162e-01 0.000000000000000000e+00
2.220165748582714760e-01 2.032465384325615911e-09
2.251006533745341931e-01 6.278759083250801418e-08
2.282275734682807922e-01 2.201961653156679357e-07
2.313979302607934996e-01 4.903724942944462919e-07
2.346123271403081911e-01 8.888767701715139929e-07
2.378713758768528641e-01 1.430600204871477906e-06
2.411756967386804174e-01 2.129684698367642678e-06
2.445259186103190818e-01 2.999469025420120310e-06
2.479226791122631779e-01 4.052455597586203049e-06
2.513666247223264594e-01 5.300293289498525902e-06
2.548584108986807206e-01 6.753772841630808817e-06
2.583987022046035364e-01 8.422832103731020081e-06
2.619881724349596430e-01 1.031656894867862506e-05
2.656275047444387472e-01 1.244326012011403108e-05
2.693173917775748549e-01 1.481038461443725534e-05
2.730585358005712671e-01 1.742465046788971007e-05
2.768516488349574978e-01 2.029202402206822423e-05
2.806974527931027641e-01 2.341776092937711146e-05
2.845966796156116363e-01 2.680643828234359157e-05
2.885500714106276066e-01 3.046198737492034878e-05
2.925583805950733307e-01 3.438772669345434806e-05
2.966223700378519124e-01 3.858639481282070103e-05
3.007428132050374847e-01 4.306018293696810251e-05
3.049204943070822349e-01 4.781076687606569274e-05
3.091562084480692363e-01 5.283933829643786006e-05
3.134507617770384003e-01 5.814663511224007732e-05
3.178049716414140802e-01 6.373297094886956951e-05
3.222196667425635819e-01 6.959826352791641452e-05
3.266956872935177780e-01 7.574206205295280390e-05
3.312338851788820260e-01 8.216357343633414888e-05
3.358351241169684198e-01 8.886168742110997281e-05
3.405002798241799078e-01 9.583500057459299205e-05
3.452302401816783051e-01 1.030818391505348644e-04
3.500259054043681761e-01 1.106002808387315204e-04
3.548881882122268960e-01 1.183881754170441907e-04
3.598180140040150299e-01 1.264431643293636835e-04
3.648163210334001705e-01 1.347626992165703533e-04
3.698840605875273746e-01 1.433440594307865742e-04
3.750221971680699484e-01 1.521843685654215416e-04
3.802317086747944996e-01 1.612806100294025087e-04
3.855135865916770044e-01 1.706296417346002967e-04
3.908688361756045837e-01 1.802282098527926914e-04
3.962984766476971288e-01 1.900729617802464333e-04
4.018035413872872996e-01 2.001604582732342829e-04
4.073850781285953682e-01 2.104871848188301679e-04
4.130441491601364312e-01 2.210495622721085293e-04
4.187818315268967972e-01 2.318439567948400758e-04
4.245992172353187377e-01 2.428666891299126145e-04
4.304974134611336822e-01 2.541140432448463975e-04
4.364775427600822155e-01 2.655822743767960155e-04
4.425407432815608444e-01 2.772676165072183096e-04
4.486881689852359467e-01 2.891662893151864889e-04
4.549209898606682567e-01 3.012745045918613796e-04
4.612403921499879100e-01 3.135884722080711545e-04
4.676475785736614599e-01 3.261044056036461764e-04
4.741437685593958840e-01 3.388185268721368012e-04
4.807301984742226031e-01 3.517270714235314522e-04
4.874081218598054766e-01 3.648262922775978557e-04
4.941788096710170719e-01 3.781124639982898238e-04
5.010435505178284510e-01 3.915818862929455594e-04
5.080036509105602116e-01 4.052308872965157426e-04
5.150604355085409702e-01 4.190558265596558895e-04
5.222152473722178057e-01 4.330530977596452977e-04
5.294694482187702889e-01 4.472191311350519837e-04
5.368244186812746177e-01 4.615503957437934999e-04
5.442815585714699811e-01 4.760434013941087020e-04
5.518422871461715618e-01 4.906947004087904973e-04
5.595080433773867989e-01 5.055008892164625971e-04
5.672802862261828727e-01 5.204586097230096131e-04
5.751604949203598105e-01 5.355645505188239789e-04
5.831501692359795097e-01 5.508154479245881176e-04
5.912508297828049653e-01 5.662080868861831548e-04
5.994640182937064354e-01 5.817393017296520683e-04
6.077912979180873920e-01 5.974059767859641419e-04
6.162342535193855442e-01 6.132050468538655357e-04
6.247944919767063343e-01 6.291334977969135350e-04
6.334736424906475261e-01 6.451883684691373530e-04
6.422733568933729487e-01 6.613667431287428237e-04
6.511953099629911312e-01 6.776657636125831431e-04
6.602411997423016654e-01 6.940826212086613880e-04
6.694127478619708027e-01 7.106145586670861540e-04
6.787116998681956836e-01 7.272588700597688556e-04
6.881398255549195930e-01 7.440129005961645427e-04
6.976989193006616352e-01 7.608740463774314429e-04
7.073908004100271096e-01 7.778397540968126677e-04
7.172173134599610922e-01 7.949075206904490610e-04
7.271803286508118358e-01 8.120748929446614407e-04
7.372817421622696044e-01 8.293394670628501022e-04
7.475234765142518834e-01 8.466988881656795692e-04
7.579074809328019136e-01 8.641508498971964009e-04
7.684357317210680494e-01 8.816930937381482281e-04
7.791102326354368834e-01 8.993234077787018053e-04
7.899330152668926353e-01 9.170396292040767800e-04
8.009061394276740797e-01 9.348396390045988266e-04
8.120316935433012917e-01 9.527213645147634405e-04
8.233117950500475901e-01 9.706827779739391230e-04
8.347485907979347308e-01 9.887218958749635373e-04
8.463442574593266210e-01 1.006836778299995735e-03
8.581010019431968283e-01 1.025025528247429244e-03
8.700210618151502651e-01 1.043286290881459584e-03
8.821067057232822028e-01 1.061617253185667036e-03
8.943602338299523336e-01 1.080016642586436150e-03
9.067839782495550338e-01 1.098482726945932070e-03
9.193803034923709872e-01 1.117013818192795450e-03
9.321516069145862060e-01 1.135608253202635481e-03
9.451003191745616094e-01 1.154264419794667242e-03
9.582289046954404199e-01 1.172980740388754328e-03
9.715398621341803098e-01 1.191755672718646268e-03
9.850357248571037783e-01 1.210587710817948937e-03
9.987190614220533558e-01 1.229475383991903868e-03
1.012592476067245117e+00 1.248417264723633352e-03
1.026658609206907435e+00 1.267411933448610046e-03
1.040920137933816436e+00 1.286458029948646517e-03
1.055379776528800884e+00 1.305554217747113529e-03
1.070040276977330285e+00 1.324699192382219459e-03
1.084904429493278810e+00 1.343891680503094248e-03
1.099975063049959845e+00 1.363130439372583396e-03
1.115255045918548626e+00 1.382414256184707341e-03
1.130747286213972247e+00 1.401741947425169102e-03
1.146454732448385361e+00 1.421112358235667242e-03
1.162380374092343294e+00 1.440524361783743473e-03
1.178527242143758480e+00 1.459976858625424648e-03
1.194898409704766795e+00 1.479468776058062273e-03
1.211496992566608144e+00 1.498999067427553983e-03
1.228326149802624112e+00 1.518566711218964204e-03
1.245389084369506350e+00 1.538170710370570906e-03
1.262689043716885173e+00 1.557810088778207843e-03
1.280229320405386950e+00 1.577483882863014433e-03
1.298013252733287937e+00 1.597191054640767580e-03
1.316044225371860277e+00 1.616931329653696105e-03
1.334325670009550047e+00 1.636703245062290759e-03
1.352861066005103918e+00 1.656505775818072285e-03
1.371653941049762793e+00 1.676338302705558409e-03
1.390707871838665177e+00 1.696200189722135493e-03
1.410026484751567555e+00 1.716090518403814427e-03
1.429613456543019634e+00 1.736008515097028004e-03
1.449472515042138587e+00 1.755953425578178368e-03
1.469607439862091525e+00 1.775924514600910400e-03
1.490022063119440077e+00 1.795921059007995558e-03
1.510720270163476986e+00 1.815942372691841007e-03
1.531706000315687932e+00 1.835987768530426010e-03
1.552983247619498020e+00 1.856056582710947445e-03
1.574556061600422829e+00 1.876148168263732817e-03
1.596428548036775918e+00 1.896261894608292607e-03
1.618604869741097740e+00 1.916397147143955246e-03
1.641089247352424341e+00 1.936553326842227040e-03
1.663885960139567910e+00 1.956729849830134583e-03
1.686999346815557521e+00 1.976926146944011156e-03
1.710433806363383713e+00 1.997141674823008691e-03
1.734193798873232328e+00 2.017375869539624837e-03
1.758283846391331506e+00 2.037628212981485842e-03
1.782708533780590354e+00 2.057898183495304734e-03
1.807472509593210264e+00 2.078185245979739370e-03
1.832580486955397658e+00 2.098489203379928607e-03
1.858037244464378235e+00 2.118809507879060999e-03
1.883847627097868793e+00 2.139145030328382015e-03
1.910016547136176301e+00 2.159495948966653079e-03
1.936548985097123143e+00 2.179861723194119558e-03
1.963449990683942437e+00 2.200241839189335993e-03
1.990724683746341928e+00 2.220636022324203908e-03
2.018378255254934306e+00 2.241043785272951554e-03
2.046415968289185816e+00 2.261464732735633809e-03
2.074843159039095219e+00 2.281898473338532518e-03
2.103665237820792289e+00 2.302344644231495412e-03
2.132887690106228362e+00 2.322802873780126058e-03
2.162516077567196326e+00 2.343272806054176507e-03
2.192556039133830570e+00 2.363754094152017808e-03
2.223013292067812507e+00 2.384246400183739466e-03
2.253893633050504608e+00 2.404749410867141821e-03
2.285202939286175461e+00 2.425262776094097919e-03
2.316947169620563685e+00 2.445786197589369052e-03
2.349132365674978296e+00 2.466319371174292494e-03
2.381764652996141152e+00 2.486862000555953561e-03
2.414850242222029042e+00 2.507413797124442411e-03
2.448395430263884176e+00 2.527974479597534969e-03
2.482406601504648425e+00 2.548543774634681389e-03
2.516890229014065561e+00 2.569121415034054164e-03
2.551852875780637131e+00 2.589707141181507143e-03
2.587301195960706401e+00 2.610300700605105474e-03
2.623241936144891540e+00 2.630901845043074304e-03
2.659681936642099842e+00 2.651510336244047080e-03
2.696628132781402787e+00 2.672125939785361965e-03
2.734087556231973970e+00 2.692748427926856293e-03
2.772067336341360377e+00 2.713377578834353602e-03
2.810574701492370320e+00 2.734013176469363409e-03
2.849616980478781869e+00 2.754655010390157435e-03
2.889201603900174220e+00 2.775302875654315441e-03
2.929336105576137772e+00 2.795956566292453517e-03
2.970028123980111623e+00 2.816615900297498622e-03
3.011285403693171325e+00 2.837280682049950122e-03
3.053115796877981403e+00 2.857950727248609150e-03
3.095527264773225706e+00 2.878625856165558262e-03
3.138527879208823812e+00 2.899305893802177694e-03
3.182125824142163051e+00 2.919990685819994023e-03
3.226329397215689454e+00 2.940680036295582195e-03
3.271147011336132948e+00 2.961373797797313672e-03
3.316587196275653238e+00 2.982071812905405950e-03
3.362658600295264755e+00 3.002773928305556804e-03
3.409369991790777377e+00 3.023479994663837329e-03
3.456730260961604184e+00 3.044189866352445609e-03
3.504748421502781763e+00 3.064903402306721689e-03
3.553433612320460622e+00 3.085620463983516394e-03
3.602795099271240531e+00 3.106340917223033606e-03
3.652842276925670095e+00 3.127064631746163774e-03
3.703584670356224962e+00 3.147791478261152947e-03
3.755031936950159022e+00 3.168521334474034071e-03
3.807193868247504831e+00 3.189254078858112622e-03
3.860080391804607824e+00 3.209989593647101860e-03
3.913701573083578911e+00 3.230727764153447628e-03
3.968067617367956768e+00 3.251468478662700168e-03
4.023188871705001723e+00 3.272211628357211011e-03
4.079075826874967170e+00 3.292957107257431671e-03
4.135739119387710439e+00 3.313704805876978212e-03
4.193189533507077016e+00 3.334454635967842341e-03
4.251438003303366742e+00 3.355206493444983125e-03
4.310495614734319858e+00 3.375960283067822119e-03
4.370373607755035472e+00 3.396715911841420316e-03
4.431083378457169708e+00 3.417473289237525722e-03
4.492636481237862967e+00 3.438232327068648474e-03
4.555044630998797750e+00 3.458992966716063679e-03
4.618319705375785844e+00 3.479755069025060148e-03
4.682473746999366249e+00 3.500518584012041624e-03
4.747518965786768241e+00 3.521283430242120628e-03
4.813467741265714750e+00 3.542049526648816810e-03
4.880332624930539431e+00 3.562816804539578955e-03
4.948126342630997598e+00 3.583585187727896838e-03
5.016861796994275480e+00 3.604354604125872743e-03
5.086552069880646343e+00 3.625124984413581435e-03
5.157210424873218457e+00 3.645896260875856974e-03
5.228850309802309582e+00 3.666668367478873817e-03
5.301485359304855649e+00 3.687441239994453199e-03
5.375129397419356359e+00 3.708214815798054585e-03
5.449796440216929660e+00 3.728989033885301944e-03
5.525500698468852612e+00 3.749763834858906974e-03
5.602256580351189896e+00 3.770539160851120453e-03
5.680078694186985189e+00 3.791314955467365872e-03
5.758981851226528725e+00 3.812091163786994908e-03
5.838981068466289948e+00 3.832867726030977310e-03
5.920091571506969075e+00 3.853644602371752992e-03
6.002328797451239595e+00 3.874421735835118386e-03
6.085708397841803396e+00 3.895199077143605970e-03
6.170246241640199969e+00 3.915976577965329941e-03
6.255958418247018926e+00 3.936754191345441002e-03
6.342861240564076297e+00 3.957531871474163042e-03
6.430971248099085713e+00 3.978309573659461265e-03
6.520305210113528815e+00 3.999087280876546108e-03
6.610880128814195622e+00 4.019864900385013672e-03
6.702713242589053877e+00 4.040642416228232975e-03
6.795822029288131283e+00 4.061419784411712808e-03
6.890224209549907108e+00 4.082196972401265153e-03
6.985937750173941474e+00 4.102973939271802907e-03
7.082980867540361380e+00 4.123750647104730722e-03
7.181372031076803886e+00 4.144527060032940705e-03
7.281129966773598028e+00 4.165303143365928044e-03
7.382273660747706856e+00 4.186078861058880642e-03
7.484822362856179190e+00 4.206854181365789896e-03
7.588795590359861620e+00 4.227629071166180696e-03
7.694213131637934744e+00 4.248403498678611848e-03
7.801095049954074767e+00 4.269177432935428694e-03
7.909461687274947472e+00 4.289950843815794855e-03
8.019333668141690907e+00 4.310723701904586348e-03
8.130731903595265209e+00 4.331495978627837931e-03
8.243677595156265525e+00 4.352267639653144629e-03
8.358192238859997403e+00 4.373038670328721449e-03
8.474297629347699257e+00 4.393809037935087619e-03
8.592015864014509674e+00 4.414578716370195534e-03
8.711369347215082826e+00 4.435347680896137290e-03
8.832380794527647794e+00 4.456115906693844213e-03
8.955073237077233017e+00 4.476883369933246440e-03
9.079470025919055942e+00 4.497650047104508400e-03
9.205594836482706711e+00 4.518415941708372324e-03
9.333471673078079789e+00 4.539180981459988232e-03
9.463124873463961251e+00 4.559945170003732590e-03
9.594579113480016019e+00 4.580708482409740802e-03
9.727859411743136064e+00 4.601470904748527699e-03
9.862991134409046623e+00 4.622232414412555911e-03
1.000000000000000000e+01 4.642992990921782429e-03
