1.000000000000000000e-02 0.000000000000000000e+00
1.024030120514262711e-02 0.000000000000000000e+00
1.038255136356886973e-02 0.000000000000000000e+00
1.052677754859500554e-02 0.000000000000000000e+00
1.067300720961839380e-02 0.000000000000000000e+00
1.082126817734170056e-02 0.000000000000000000e+00
1.097158866906968420e-02 0.000000000000000000e+00
1.112399729407955763e-02 2.214302677615343593e-05
1.127852305906595909e-02 1.069137749634289979e-04
1.143519537366158821e-02 2.190007515100102654e-04
1.159404405603447520e-02 3.401878332095647529e-04
1.175509933856302980e-02 4.623496842081887236e-04
1.191839187358992823e-02 5.818275719141050885e-04
1.208395273925594315e-02 6.970439876076290871e-04
1.225181344541477479e-02 8.074232624680337820e-04
1.242200593963005938e-02 9.128780956812620638e-04
1.259456261325569981e-02 1.013555978330709815e-03
1.276951630760065313e-02 1.109710721306529559e-03
1.294690032017935082e-02 1.201636514511848991e-03
1.312674841104892291e-02 1.289634169849764251e-03
1.330909480923448893e-02 1.373994283473535787e-03
1.349397421924370191e-02 1.454989405797940021e-03
1.368142182767177056e-02 1.532871019121795396e-03
1.387147330989821001e-02 1.607869052100382220e-03
1.406416483687667439e-02 1.680192688514676970e-03
1.425953308201908382e-02 1.750031787014621858e-03
1.445761522817537101e-02 1.817558537579461782e-03
1.465844897471016949e-02 1.882929153208103739e-03
1.486207254467784497e-02 1.946285492537310055e-03
1.506852469209719360e-02 2.007756563745907892e-03
1.527784470932716694e-02 2.067459890570229331e-03
1.549007243454504634e-02 2.125502737830081354e-03
1.570524825932853585e-02 2.181983202270953645e-03
1.592341313634318065e-02 2.236991176861878681e-03
1.614460858713654204e-02 2.290609173100909349e-03
1.636887671004063488e-02 2.342913717330989600e-03
1.659626018818417467e-02 2.393973703023757026e-03
1.682680229761613494e-02 2.443854631502465850e-03
1.706054691554211022e-02 2.492616394223138090e-03
1.729753852867507713e-02 2.540314453594024868e-03
1.753782224170221532e-02 2.587000458574227526e-03
1.778144378586934277e-02 2.632722469134602793e-03
1.802844952768452996e-02 2.677525305411001220e-03
1.827888647774267294e-02 2.721450840772284083e-03
1.853280229967262799e-02 2.764538204066949081e-03
1.879024531920867741e-02 2.806823804087456731e-03
1.905126453338795017e-02 2.848343371306594988e-03
1.931590961987561181e-02 2.889127638617562926e-03
1.958423094641963125e-02 2.929207746780695953e-03
1.985627958043687663e-02 2.968612494620831953e-03
2.013210729873235461e-02 3.007368886605385309e-03
2.041176659735343193e-02 3.045502537152525863e-03
2.069531070158102393e-02 3.083037660639553756e-03
2.098279357605952952e-02 3.119997215852479775e-03
2.127426993506747327e-02 3.156402926113333583e-03
2.156979525293080055e-02 3.192275463295633688e-03
2.186942577458088691e-02 3.227634439387924107e-03
2.217321852625919396e-02 3.262498530241300480e-03
2.248123132637058763e-02 3.296885510230717752e-03
2.279352279648742471e-02 3.330812333837950608e-03
2.311015237250654483e-02 3.364295157147934642e-03
2.343118031596123571e-02 3.397349419847698736e-03
2.375666772549030886e-02 3.429989874574095477e-03
2.408667654846648187e-02 3.462230627106242971e-03
2.442126959278632936e-02 3.494085194833900822e-03
2.476051053882404041e-02 3.525566513084596888e-03
2.510446395155115432e-02 3.556686987656340268e-03
2.545319529282465479e-02 3.587458520392878495e-03
2.580677093384583370e-02 3.617892549718388154e-03
2.616525816779219707e-02 3.648000033347853759e-03
2.652872522262480007e-02 3.677791531966983617e-03
2.689724127407350923e-02 3.707277195569961409e-03
2.727087645880266892e-02 3.736466792912166834e-03
2.764970188775966661e-02 3.765369733068099894e-03
2.803378965970888814e-02 3.793995073977888578e-03
2.842321287495366139e-02 3.822351558970809617e-03
2.881804564924884959e-02 3.850447613225965997e-03
2.921836312790675183e-02 3.878291368396799034e-03
2.962424150009886417e-02 3.905890674595210825e-03
3.003575801335630832e-02 3.933253106410145722e-03
3.045299098827177267e-02 3.960386002731414688e-03
3.087601983340563724e-02 3.987296437465732458e-03
3.130492506039916217e-02 4.013991257134603280e-03
3.173978829929755691e-02 4.040477084303717437e-03
3.218069231408599712e-02 4.066760358061285476e-03
3.262772101844146899e-02 4.092847222710011175e-03
3.308095949170333783e-02 4.118743715371702210e-03
3.354049399506577045e-02 4.144455648518448158e-03
3.400641198799515125e-02 4.169988664471875432e-03
3.447880214487557965e-02 4.195348221426705750e-03
3.495775437188551604e-02 4.220539613496492905e-03
3.544335982410884434e-02 4.245567973620775586e-03
3.593571092288371654e-02 4.270438279595171333e-03
3.643490137339239210e-02 4.295155359788434442e-03
3.694102618249534703e-02 4.319723898564525877e-03
3.745418167681312943e-02 4.344148441432330726e-03
3.797446552105943757e-02 4.368433399936256546e-03
3.850197673662891784e-02 4.392583049730636527e-03
3.903681572044303411e-02 4.416601560946030111e-03
3.957908426405778307e-02 4.440492963943950579e-03
4.012888557303687792e-02 4.464261178742796356e-03
4.068632428659406386e-02 4.487910012506421582e-03
4.125150649750822934e-02 4.511443163166456438e-03
4.182453977231510855e-02 4.534864251248661195e-03
4.240553317177960663e-02 4.558176715455442007e-03
4.299459727165250850e-02 4.581383968352351933e-03
4.359184418371537389e-02 4.604489311775712690e-03
4.419738757711785121e-02 4.627495944197232251e-03
4.481134270001144865e-02 4.650406977461433999e-03
4.543382640148380808e-02 4.673225435864023294e-03
4.606495715379759631e-02 4.695954258749036533e-03
4.670485507493833677e-02 4.718596303006331212e-03
4.735364195147551830e-02 4.741154345471428402e-03
4.801144126174130417e-02 4.763631153874548461e-03
4.867837819933110155e-02 4.786029148826757146e-03
4.935457969693059915e-02 4.808351080487921654e-03
5.004017445047388019e-02 4.830599355675300501e-03
5.073529294363711417e-02 4.852776396469576405e-03
5.144006747267243496e-02 4.874884538841425807e-03
5.215463217158670950e-02 4.896926059414353008e-03
5.287912303767026978e-02 4.918903171041486173e-03
5.361367795738020831e-02 4.940818024527613914e-03
5.435843673258311526e-02 4.962672710266275052e-03
5.511354110716240595e-02 4.984469289282885025e-03
5.587913479399533173e-02 5.006209682784952889e-03
5.665536350230471196e-02 5.027895832258071594e-03
5.744237496539057741e-02 5.049529609557523897e-03
5.824031896874692915e-02 5.071112823533043858e-03
5.904934737856931681e-02 5.092647235353574796e-03
5.986961417065830848e-02 5.114134556252526026e-03
6.070127545972441724e-02 5.135576448837574082e-03
6.154448952910007709e-02 5.156974528363354737e-03
6.239941686086448308e-02 5.178330363967966095e-03
6.326622016638688839e-02 5.199645479873869075e-03
6.414506441729413144e-02 5.220921356555765711e-03
6.503611687686819409e-02 5.242159431878950712e-03
6.593954713188020234e-02 5.263361102198220627e-03
6.685552712486651783e-02 5.284527716950279327e-03
6.778423118685311666e-02 5.305660605321186642e-03
6.872583607053452115e-02 5.326761039230579024e-03
6.968052098391377958e-02 5.347830259465677707e-03
7.064846762440973871e-02 5.368869470379364871e-03
7.162986021343793752e-02 5.389879840823504770e-03
7.262488553147194992e-02 5.410862505026945400e-03
7.363373295359182391e-02 5.431818592260346384e-03
7.465659448552640354e-02 5.452749117598776861e-03
7.569366480019611154e-02 5.473655139199965804e-03
7.674514127476342318e-02 5.494537668828997252e-03
7.781122402819810879e-02 5.515397677524935469e-03
7.889211595936435062e-02 5.536236110494295072e-03
7.998802278563672818e-02 5.557053884211874892e-03
8.109915308205267737e-02 5.577851887171491642e-03
8.222571832100894484e-02 5.598630980618924009e-03
8.336793291250950422e-02 5.619391999263854444e-03
8.452601424497238614e-02 5.640135751978401536e-03
8.570018272660336056e-02 5.660863089859031159e-03
8.689066182734452026e-02 5.681574569965538307e-03
8.809767812140557874e-02 5.702271129819360199e-03
8.932146133038586233e-02 5.722953407898981326e-03
9.056224436699517044e-02 5.743622106080173602e-03
9.182026337938234417e-02 5.764277885768121119e-03
9.309575779607943968e-02 5.784921393095797393e-03
9.438897037157016612e-02 5.805553253337788003e-03
9.570014723249130328e-02 5.826174071472204827e-03
9.702953792447598091e-02 5.846784432701704164e-03
9.837739545964786780e-02 5.867384906778069092e-03
9.974397636477477791e-02 5.887976033184617007e-03
1.011295407300912136e-01 5.908558377342390359e-03
1.025343522587993383e-01 5.929132388256169554e-03
1.039586783172575662e-01 5.949698595311845618e-03
1.054027899858661077e-01 5.970257472467657527e-03
1.068669621106594358e-01 5.990809481157132084e-03
1.083514733556155685e-01 6.011355067007205684e-03
1.098566062556919909e-01 6.031894660273705820e-03
1.113826472705982396e-01 6.052428676272836663e-03
1.129298868393152216e-01 6.072957515796494413e-03
1.144986194353722758e-01 6.093481565516303475e-03
1.160891436228920492e-01 6.114001198388736846e-03
1.177017621134135994e-01 6.134516838678489951e-03
1.193367818235050032e-01 6.155028639118080395e-03
1.209945139331763259e-01 6.175537127721157475e-03
1.226752739451041352e-01 6.196042555360946162e-03
1.243793817446784411e-01 6.216545244428124846e-03
1.261071616608837598e-01 6.237045487200566438e-03
1.278589425280261260e-01 6.257543570914099809e-03
1.296350577483176003e-01 6.278039771915123850e-03
1.314358453553298167e-01 6.298534355974523893e-03
1.332616480783291590e-01 6.319027578567233683e-03
1.351128134075056109e-01 6.339519685188086881e-03
1.369896936601079640e-01 6.360010911555154418e-03
1.388926460474973479e-01 6.380501516631445318e-03
1.408220327431322916e-01 6.400991655150659390e-03
1.427782209514981970e-01 6.421481570952937423e-03
1.447615829779947683e-01 6.441971460497934385e-03
1.467724962997935534e-01 6.462461515673529125e-03
1.488113436376800325e-01 6.482951920341153799e-03
1.508785130288938792e-01 6.503442850561660070e-03
1.529743979009811072e-01 6.523934474834482827e-03
1.550993971466718135e-01 6.544426954345795855e-03
1.572539151997979223e-01 6.564920443183989637e-03
1.594383621122660299e-01 6.585415088549116669e-03
1.616531536320994222e-01 6.605911097419400572e-03
1.638987112825638082e-01 6.626408404578437022e-03
1.661754624423923132e-01 6.646907337174442522e-03
1.684838404271250811e-01 6.667407950545788976e-03
1.708242845715788882e-01 6.687910354140069735e-03
1.731972403134620642e-01 6.708414670855675048e-03
1.756031592781508444e-01 6.728920999183538205e-03
1.780424993646436138e-01 6.749429438541171625e-03
1.805157248327094455e-01 6.769940083207322441e-03
1.830233063912465319e-01 6.790453022450811289e-03
1.855657212878684126e-01 6.810968340671680679e-03
1.881434533997345948e-01 6.831486117569863896e-03
1.907569933256433314e-01 6.852006428230833501e-03
1.934068384794029871e-01 6.872529378470322407e-03
1.960934931845006446e-01 6.893054972648296995e-03
1.988174687700860754e-01 6.913583301418225503e-03
2.015792836682889777e-01 6.934114424531003136e-03
2.043794635128879100e-01 6.954648397072556165e-03
2.072185412393495463e-01 6.975185270480533002e-03
2.100970571862582348e-01 6.995725092643656148e-03
2.130155591981544028e-01 7.016267908065432386e-03
2.159746027298011795e-01 7.036813757950792676e-03
2.189747509518994162e-01 7.057362680328470826e-03
2.220165748582714760e-01 7.077914695799872834e-03
2.251006533745341931e-01 7.098469498929924765e-03
2.282275734682807922e-01 7.119026650006324460e-03
2.313979302607934996e-01 7.139586249697176847e-03
2.346123271403081911e-01 7.160148132079733295e-03
2.378713758768528641e-01 7.180712215874624285e-03
2.411756967386804174e-01 7.201278403080682740e-03
2.445259186103190818e-01 7.221846604101057020e-03
2.479226791122631779e-01 7.242416731988231098e-03
2.513666247223264594e-01 7.262988702802954458e-03
2.548584108986807206e-01 7.283562435715621938e-03
2.583987022046035364e-01 7.304137853250137688e-03
2.619881724349596430e-01 7.324714881141265385e-03
2.656275047444387472e-01 7.345293448533958373e-03
2.693173917775748549e-01 7.365873522925202484e-03
2.730585358005712671e-01 7.386454973670065344e-03
2.768516488349574978e-01 7.407037776950182138e-03
2.806974527931027641e-01 7.427621871823209682e-03
2.845966796156116363e-01 7.448207204050636722e-03
2.885500714106276066e-01 7.468793722400227791e-03
2.925583805950733307e-01 7.489381378478906885e-03
2.966223700378519124e-01 7.509970126640398182e-03
3.007428132050374847e-01 7.530559923898626044e-03
3.049204943070822349e-01 7.551150729718336500e-03
3.091562084480692363e-01 7.571742505931510457e-03
3.134507617770384003e-01 7.592335282666294420e-03
3.178049716414140802e-01 7.612928834215292907e-03
3.222196667425635819e-01 7.633523314119645790e-03
3.266956872935177780e-01 7.654118632763140181e-03
3.312338851788820260e-01 7.674714755456020672e-03
3.358351241169684198e-01 7.695311668144615841e-03
3.405002798241799078e-01 7.715909339469464653e-03
3.452302401816783051e-01 7.736507745695639891e-03
3.500259054043681761e-01 7.757106864390840746e-03
3.548881882122268960e-01 7.777706674330134816e-03
3.598180140040150299e-01 7.798307155326900629e-03
3.648163210334001705e-01 7.818908288260106171e-03
3.698840605875273746e-01 7.839510054774914694e-03
3.750221971680699484e-01 7.860112437248071779e-03
3.802317086747944996e-01 7.880715455195081223e-03
3.855135865916770044e-01 7.901319028896817628e-03
3.908688361756045837e-01 7.921923172866513624e-03
3.962984766476971288e-01 7.942527872719437956e-03
4.018035413872872996e-01 7.963133114644070989e-03
4.073850781285953682e-01 7.983738885281669792e-03
4.130441491601364312e-01 8.004345171740340215e-03
4.187818315268967972e-01 8.024951961511367707e-03
4.245992172353187377e-01 8.045559242432968536e-03
4.304974134611336822e-01 8.066167002669700353e-03
4.364775427600822155e-01 8.086775230633780343e-03
4.425407432815608444e-01 8.107383926168479707e-03
4.486881689852359467e-01 8.127993055491441327e-03
4.549209898606682567e-01 8.148602619068190389e-03
4.612403921499879100e-01 8.169212599698046778e-03
4.676475785736614599e-01 8.189822999141414817e-03
4.741437685593958840e-01 8.210433800500948134e-03
4.807301984742226031e-01 8.231044993329579909e-03
4.874081218598054766e-01 8.251656566949649996e-03
4.941788096710170719e-01 8.272268510890736989e-03
5.010435505178284510e-01 8.292880814747558352e-03
5.080036509105602116e-01 8.313493467777002821e-03
5.150604355085409702e-01 8.334106459377852577e-03
5.222152473722178057e-01 8.354719778810630604e-03
5.294694482187702889e-01 8.375333450847243649e-03
5.368244186812746177e-01 8.395947420866103211e-03
5.442815585714699811e-01 8.416561667242299094e-03
5.518422871461715618e-01 8.437176200108975621e-03
5.595080433773867989e-01 8.457791008711385006e-03
5.672802862261828727e-01 8.478406082212220501e-03
5.751604949203598105e-01 8.499021409828545065e-03
5.831501692359795097e-01 8.519636980519719807e-03
5.912508297828049653e-01 8.540252783224806105e-03
5.994640182937064354e-01 8.560868806842506992e-03
6.077912979180873920e-01 8.581485040189041139e-03
6.162342535193855442e-01 8.602101538313198723e-03
6.247944919767063343e-01 8.622718090575848607e-03
6.334736424906475261e-01 8.643334884753165609e-03
6.422733568933729487e-01 8.663951842821017435e-03
6.511953099629911312e-01 8.684568946744315038e-03
6.602411997423016654e-01 8.705186197220670524e-03
6.694127478619708027e-01 8.725803576324501001e-03
6.787116998681956836e-01 8.746421071851331192e-03
6.881398255549195930e-01 8.767038671966553148e-03
6.976989193006616352e-01 8.787656364585422208e-03
7.073908004100271096e-01 8.808274137187731279e-03
7.172173134599610922e-01 8.828891977553269405e-03
7.271803286508118358e-01 8.849509873286724379e-03
7.372817421622696044e-01 8.870127811383453700e-03
7.475234765142518834e-01 8.890745813166527414e-03
7.579074809328019136e-01 8.911363805676355762e-03
7.684357317210680494e-01 8.931981804171987976e-03
7.791102326354368834e-01 8.952599796255032716e-03
7.899330152668926353e-01 8.973217768937851238e-03
8.009061394276740797e-01 8.993835709701672801e-03
8.120316935433012917e-01 9.014453605630586008e-03
8.233117950500475901e-01 9.035071444004137697e-03
8.347485907979347308e-01 9.055689211821206855e-03
8.463442574593266210e-01 9.076306896311675185e-03
8.581010019431968283e-01 9.096924484441651013e-03
8.700210618151502651e-01 9.117542028183258859e-03
8.821067057232822028e-01 9.138159319835307409e-03
8.943602338299523336e-01 9.158776540992090084e-03
9.067839782495550338e-01 9.179393607646161787e-03
9.193803034923709872e-01 9.200010518763859779e-03
9.321516069145862060e-01 9.220627255262302951e-03
9.451003191745616094e-01 9.241243804347208310e-03
9.582289046954404199e-01 9.261860152447128069e-03
9.715398621341803098e-01 9.282476286739125074e-03
9.850357248571037783e-01 9.303092193965228213e-03
9.987190614220533558e-01 9.323707861097579180e-03
1.012592476067245117e+00 9.344323274678463867e-03
1.026658609206907435e+00 9.364938421957768808e-03
1.040920137933816436e+00 9.385553288883798431e-03
1.055379776528800884e+00 9.406167897356558852e-03
1.070040276977330285e+00 9.426782172329657358e-03
1.084904429493278810e+00 9.447396129369522305e-03
1.099975063049959845e+00 9.468009755643080547e-03
1.115255045918548626e+00 9.488623038253601524e-03
1.130747286213972247e+00 9.509235964144241438e-03
1.146454732448385361e+00 9.529848520815528343e-03
1.162380374092343294e+00 9.550460694917731197e-03
1.178527242143758480e+00 9.571072474065649496e-03
1.194898409704766795e+00 9.591683845450853577e-03
1.211496992566608144e+00 9.612294796491342025e-03
1.228326149802624112e+00 9.632905378428716081e-03
1.245389084369506350e+00 9.653515386463366182e-03
1.262689043716885173e+00 9.674125000285188972e-03
1.280229320405386950e+00 9.694734137775461169e-03
1.298013252733287937e+00 9.715342799202620824e-03
1.316044225371860277e+00 9.735950960006267349e-03
1.334325670009550047e+00 9.756558614061322868e-03
1.352861066005103918e+00 9.777165750220497692e-03
1.371653941049762793e+00 9.797772354318249818e-03
1.390707871838665177e+00 9.818378412126065047e-03
1.410026484751567555e+00 9.838983913765184108e-03
1.429613456543019634e+00 9.859588845475978150e-03
1.449472515042138587e+00 9.880193196153835150e-03
1.469607439862091525e+00 9.900796953160595493e-03
1.490022063119440077e+00 9.921400115987926219e-03
1.510720270163476986e+00 9.942002682507038863e-03
1.531706000315687932e+00 9.962604597044809329e-03
1.552983247619498020e+00 9.983205872157990129e-03
1.574556061600422829e+00 1.000380649673586302e-02
1.596428548036775918e+00 1.002440645926417663e-02
1.618604869741097740e+00 1.004500574848386958e-02
1.641089247352424341e+00 1.006560435301636497e-02
1.663885960139567910e+00 1.008620226126483686e-02
1.686999346815557521e+00 1.010679946252233258e-02
1.710433806363383713e+00 1.012739594554518119e-02
1.734193798873232328e+00 1.014799176337924207e-02
1.758283846391331506e+00 1.016858671372481912e-02
1.782708533780590354e+00 1.018918097735193110e-02
1.807472509593210264e+00 1.020977447366971241e-02
1.832580486955397658e+00 1.023036720104708239e-02
1.858037244464378235e+00 1.025095914407131263e-02
1.883847627097868793e+00 1.027155029847373439e-02
1.910016547136176301e+00 1.029214064840850221e-02
1.936548985097123143e+00 1.031273018390026913e-02
1.963449990683942437e+00 1.033331889569270856e-02
1.990724683746341928e+00 1.035390677187489859e-02
2.018378255254934306e+00 1.037449380233243859e-02
2.046415968289185816e+00 1.039507997954771182e-02
2.074843159039095219e+00 1.041566529039280285e-02
2.103665237820792289e+00 1.043624973682942547e-02
2.132887690106228362e+00 1.045683331979172306e-02
2.162516077567196326e+00 1.047741598475035278e-02
2.192556039133830570e+00 1.049799774700715602e-02
2.223013292067812507e+00 1.051857859736507646e-02
2.253893633050504608e+00 1.053915852522208443e-02
2.285202939286175461e+00 1.055973752292414108e-02
2.316947169620563685e+00 1.058031558063652830e-02
2.349132365674978296e+00 1.060089268917225810e-02
2.381764652996141152e+00 1.062146883937684777e-02
2.414850242222029042e+00 1.064204402266068737e-02
2.448395430263884176e+00 1.066261829304845400e-02
2.482406601504648425e+00 1.068319145189761642e-02
2.516890229014065561e+00 1.070376368025137068e-02
2.551852875780637131e+00 1.072433490052957135e-02
2.587301195960706401e+00 1.074490511751644874e-02
2.623241936144891540e+00 1.076547431434673151e-02
2.659681936642099842e+00 1.078604248453444645e-02
2.696628132781402787e+00 1.080660961802970554e-02
2.734087556231973970e+00 1.082717570571294780e-02
2.772067336341360377e+00 1.084774074447019884e-02
2.810574701492370320e+00 1.086830472148572931e-02
2.849616980478781869e+00 1.088886763233487195e-02
2.889201603900174220e+00 1.090942946344245802e-02
2.929336105576137772e+00 1.092999022052708324e-02
2.970028123980111623e+00 1.095054987882096952e-02
3.011285403693171325e+00 1.097110846574842792e-02
3.053115796877981403e+00 1.099166592240030833e-02
3.095527264773225706e+00 1.101222226552632348e-02
3.138527879208823812e+00 1.103277748793082304e-02
3.182125824142163051e+00 1.105333158232693971e-02
3.226329397215689454e+00 1.107388454065093286e-02
3.271147011336132948e+00 1.109443635697020432e-02
3.316587196275653238e+00 1.111498702408793456e-02
3.362658600295264755e+00 1.113553653315072986e-02
3.409369991790777377e+00 1.115608487975752912e-02
3.456730260961604184e+00 1.117663211904741660e-02
3.504748421502781763e+00 1.119717805450068729e-02
3.553433612320460622e+00 1.121772286898775096e-02
3.602795099271240531e+00 1.123826648879106341e-02
3.652842276925670095e+00 1.125880891498936241e-02
3.703584670356224962e+00 1.127935013964424284e-02
3.755031936950159022e+00 1.129989015302114257e-02
3.807193868247504831e+00 1.132042895044550225e-02
3.860080391804607824e+00 1.134096652699628609e-02
3.913701573083578911e+00 1.136150287345894655e-02
3.968067617367956768e+00 1.138203798419969159e-02
4.023188871705001723e+00 1.140257185634791122e-02
4.079075826874967170e+00 1.142310448441956686e-02
4.135739119387710439e+00 1.144363585015470419e-02
4.193189533507077016e+00 1.146416597279745035e-02
4.251438003303366742e+00 1.148469485054919546e-02
4.310495614734319858e+00 1.150522243484857106e-02
4.370373607755035472e+00 1.152574874270860007e-02
4.431083378457169708e+00 1.154627377061015307e-02
4.492636481237862967e+00 1.156679751136035356e-02
4.555044630998797750e+00 1.158731996263824560e-02
4.618319705375785844e+00 1.160784111698317557e-02
4.682473746999366249e+00 1.162836096779238347e-02
4.747518965786768241e+00 1.164887951189252577e-02
4.813467741265714750e+00 1.166939674227431174e-02
4.880332624930539431e+00 1.168991272205188031e-02
4.948126342630997598e+00 1.171042724926832541e-02
5.016861796994275480e+00 1.173094051160322032e-02
5.086552069880646343e+00 1.175145244248795157e-02
5.157210424873218457e+00 1.177196303052751442e-02
5.228850309802309582e+00 1.179247228449871801e-02
5.301485359304855649e+00 1.181298018711648447e-02
5.375129397419356359e+00 1.183348673761685892e-02
5.449796440216929660e+00 1.185399193532173621e-02
5.525500698468852612e+00 1.187449577183446146e-02
5.602256580351189896e+00 1.189499824056520876e-02
5.680078694186985189e+00 1.191549934093459780e-02
5.758981851226528725e+00 1.193599906757568212e-02
5.838981068466289948e+00 1.195649741133902010e-02
5.920091571506969075e+00 1.197699438122931843e-02
6.002328797451239595e+00 1.199748998800285495e-02
6.085708397841803396e+00 1.201798417671804883e-02
6.170246241640199969e+00 1.203847697369178453e-02
6.255958418247018926e+00 1.205896836701303605e-02
6.342861240564076297e+00 1.207945835533301947e-02
6.430971248099085713e+00 1.209994694363292558e-02
6.520305210113528815e+00 1.212043411789191436e-02
6.610880128814195622e+00 1.214091987807809289e-02
6.702713242589053877e+00 1.216140421732191806e-02
6.795822029288131283e+00 1.218188713702296651e-02
6.890224209549907108e+00 1.220236869087794156e-02
6.985937750173941474e+00 1.222284868682532895e-02
7.082980867540361380e+00 1.224332731564407688e-02
7.181372031076803886e+00 1.226380450247763383e-02
7.281129966773598028e+00 1.228428025880238215e-02
7.382273660747706856e+00 1.230475455662203947e-02
7.484822362856179190e+00 1.232522741965126102e-02
7.588795590359861620e+00 1.234569882596764541e-02
7.694213131637934744e+00 1.236616877775680197e-02
7.801095049954074767e+00 1.238663727664016632e-02
7.909461687274947472e+00 1.240710431156338660e-02
8.019333668141690907e+00 1.242756988616181522e-02
8.130731903595265209e+00 1.244803398304744971e-02
8.243677595156265525e+00 1.246849663489140586e-02
8.358192238859997403e+00 1.248895778591572504e-02
8.474297629347699257e+00 1.250941745583275359e-02
8.592015864014509674e+00 1.252987570202803227e-02
8.711369347215082826e+00 1.255033242078618626e-02
8.832380794527647794e+00 1.257078766699372060e-02
8.955073237077233017e+00 1.259124140876877532e-02
9.079470025919055942e+00 1.261169367042322582e-02
9.205594836482706711e+00 1.263214444962496193e-02
9.333471673078079789e+00 1.265259371466333736e-02
9.463124873463961251e+00 1.267304147982394741e-02
9.594579113480016019e+00 1.269348775173173745e-02
9.727859411743136064e+00 1.271393258505584822e-02
9.862991134409046623e+00 1.273437576971470087e-02
1.000000000000000000e+01 1.275481752529138320e-02
