1.000000000000000021e-03 5.951240913787622937e-05
1.059637288605647619e-03 5.001909537065973041e-05
1.122831183403528608e-03 4.204013607487230782e-05
1.189793790743585815e-03 3.533395653769194481e-05
1.260749866423368625e-03 2.969751551791915877e-05
1.335937570066790796e-03 2.496016290299513137e-05
1.415609264491991641e-03 2.097847453001038348e-05
1.500032362751329076e-03 1.763190902970138409e-05
1.589490225686541547e-03 1.481915658722578224e-05
1.684283113011665958e-03 1.245506992956985248e-05
1.784729191115961254e-03 1.046808501800951076e-05
1.891165600969467973e-03 8.798053463326013611e-06
2.003949589715557297e-03 7.394420998813113541e-06
2.123459709748593081e-03 6.214696764436105597e-06
2.250097089301334938e-03 5.223166950503035072e-06
2.384286778806726358e-03 4.389813761088894556e-06
2.526479177553052867e-03 3.689406895417380474e-06
2.677151545420943662e-03 3.100739990413689436e-06
2.836809604776268159e-03 2.605988875018849553e-06
3.005989237895584018e-03 2.190172189017415027e-06
3.185258285621433462e-03 1.840698028357990910e-06
3.375218453284569743e-03 1.546982890073012494e-06
3.576507330290209282e-03 1.300131382801729780e-06
3.789800530146940957e-03 1.092667010732921419e-06
4.015813958121150148e-03 9.183058858917229587e-07
4.255306214128209454e-03 7.717665234082804370e-07
4.509081138925579227e-03 6.486099664133036567e-07
4.777990512153966994e-03 5.451054047993617141e-07
5.062936911282339171e-03 4.581172231976585399e-07
5.364876741052670810e-03 3.850100615845958168e-07
5.684823443592555356e-03 3.235690166215490798e-07
6.023850899970236220e-03 2.719325696617909466e-07
6.383097034609151385e-03 2.285362120879977538e-07
6.763767634659990750e-03 1.920650627556507774e-07
7.167140397149747780e-03 1.614140423475372333e-07
7.594569217491763113e-03 1.356544014426364197e-07
8.047488733750886650e-03 1.140055873086206028e-07
8.527419141916287373e-03 9.581159889831856428e-08
9.035971298344073685e-03 8.052111389770216349e-08
9.574852126495767002e-03 6.767078636836948258e-08
1.014587034612000026e-02 5.687120884446179890e-08
1.075094254410704012e-02 4.779511443804541349e-08
1.139209960739268751e-02 4.016746111238370576e-08
1.207149353950305072e-02 3.375709812402748811e-08
1.279140468361960638e-02 2.836976215355305643e-08
1.355424937640826132e-02 2.384219098661465665e-08
1.436258805830204106e-02 2.003717644810348018e-08
1.521913386745902749e-02 1.683940672966406166e-08
1.612676174624067676e-02 1.415197216241812686e-08
1.708851809077575196e-02 1.189342857101018852e-08
1.810763097599817420e-02 9.995329245855712041e-09
1.918752099047834475e-02 8.400150755013991701e-09
2.033181271741442420e-02 7.059549752662047961e-09
2.154434690031884619e-02 5.932897966386453542e-09
2.282919333423335043e-02 4.986050973967799429e-09
2.419066452574115261e-02 4.190313462650428425e-09
2.563333016762518041e-02 3.521569615457178083e-09
2.716203247675569657e-02 2.959552276076155444e-09
2.878190244668795209e-02 2.487228744117735771e-09
3.049837706952067753e-02 2.090284589411091573e-09
3.231721758481954920e-02 1.756689843159840870e-09
3.424452881685694644e-02 1.476334419932992426e-09
3.628677966507225933e-02 1.240721721801132681e-09
3.845082481652772194e-02 1.042711140380859102e-09
4.074392775323618099e-02 8.763016526622532689e-10
4.317378513158358355e-02 7.364499528284106804e-10
4.574855261567405823e-02 6.189176085277793675e-10
4.847687225130566796e-02 5.201426096288654309e-10
5.136790147245589438e-02 4.371314165080444160e-10
5.443134383763522516e-02 3.673682366470001344e-10
5.767748159927351542e-02 3.087387798363126973e-10
6.111721021545632460e-02 2.594661814309877975e-10
6.476207491984753428e-02 2.180571517474814869e-10
6.862430947254305469e-02 1.832567196033324026e-10
7.271687722192038406e-02 1.540101983875934327e-10
7.705351461530549062e-02 1.294312221103622372e-10
8.164877730449796034e-02 1.087748826291794914e-10
8.651808900090456056e-02 9.141515397857781885e-11
9.167779324426060528e-02 7.682591961446104737e-11
9.714520825869747689e-02 6.456502757686709468e-11
1.029386850802771619e-01 5.426089031667035386e-11
1.090776691510955271e-01 4.560122311364958639e-11
1.155827655866907694e-01 3.832357975300096928e-11
1.224758083358231664e-01 3.220739864270564378e-11
1.297799334647566361e-01 2.706731831617066007e-11
1.375196568120160834e-01 2.274755973569739200e-11
1.457209562742639020e-01 1.911720513522176072e-11
1.544113589994831337e-01 1.606623033401216840e-11
1.636200337801255733e-01 1.350217026216943367e-11
1.733778889563367676e-01 1.134731664588230485e-11
1.837176761578637463e-01 9.536362923377217083e-12
1.946741002328491732e-01 8.014425016766936630e-12
2.062839357324803835e-01 6.735377973026818775e-12
2.185861503424672003e-01 5.660458068178665575e-12
2.316220356756383825e-01 4.757088004855578403e-12
2.454353458646540698e-01 3.997889600532983623e-12
2.600724444200116503e-01 3.359854044170210355e-12
2.755824598462641717e-01 2.823644574467797818e-12
2.920174505387700958e-01 2.373010445166638743e-12
3.094325795144362012e-01 1.994294418374388415e-12
3.278862995629286403e-01 1.676018858163069946e-12
3.474405494398008498e-01 1.408537880884951991e-12
3.681609617600470341e-01 1.183745019998420150e-12
3.901170832898637753e-01 9.948275456533515849e-13
4.133826083760148706e-01 8.360599929876473156e-13
4.380356262962906699e-01 7.026306421342808666e-13
4.641588833612781961e-01 5.904956907366966402e-13
4.918400606471698966e-01 4.962566995401728635e-13
5.211720682918044023e-01 4.170575968583759297e-13
5.522533573417250929e-01 3.504981204439254348e-13
5.851882501969514205e-01 2.945610733703244652e-13
6.200872907625809560e-01 2.475511894607777413e-13
6.570676154824831583e-01 2.080437553409556058e-13
6.962533465004366873e-01 1.748414320617188968e-13
7.377760082683312293e-01 1.469379677048113696e-13
7.817749689997524065e-01 1.234877012151089802e-13
8.283979084506618573e-01 1.037799331853233880e-13
8.778013135972488890e-01 8.721738691692835548e-14
9.301510038746646503e-01 7.329810693515723096e-14
9.856226877395709574e-01 6.160024637692572120e-14
1.044402552424569919e+00 5.176928221032540647e-14
1.106687888863989055e+00 4.350727081963896489e-14
1.172687753888545625e+00 3.656381831534443768e-14
1.242623671911505578e+00 3.072849193078062889e-14
1.316730378461501649e+00 2.582444250301837663e-14
1.395256608057633851e+00 2.170304476184764405e-14
1.478465929071304030e+00 1.823939299271763233e-14
1.566637628376946312e+00 1.532851556165810521e-14
1.660067648760929604e+00 1.288219357231305746e-14
1.759069582234984219e+00 1.082628724704484417e-14
1.863975722588147921e+00 9.098488997344184037e-15
1.975138180710058089e+00 7.646435088724223139e-15
2.092930066429097735e+00 6.426118671306126295e-15
2.217746740832167163e+00 5.400556079060095359e-15
2.350007143269409404e+00 4.538665979465003984e-15
2.490155197497900819e+00 3.814327401438510217e-15
2.638661301683936866e+00 3.205588096996205853e-15
2.796023907265015485e+00 2.693999242074910599e-15
2.962771191970869911e+00 2.264056314727881470e-15
3.139462832618935550e+00 1.902729205111930884e-15
3.326691883634534719e+00 1.599067316931747852e-15
3.525086767600913440e+00 1.343867691383003235e-15
3.735313384520278390e+00 1.129396096742130564e-15
3.958077346865453094e+00 9.491526297909226433e-16
4.194126347923944564e+00 7.976747257483906052e-16
4.444252671383635445e+00 6.703716063234238121e-16
4.709295850583361975e+00 5.633851488646466894e-16
4.990145486353981141e+00 4.734729595690877280e-16
5.287744232907843234e+00 3.979101076058827561e-16
5.603090961798617542e+00 3.344065416575202446e-16
5.937244114571097242e+00 2.810376862667606315e-16
6.291325255353957147e+00 2.361861144470407575e-16
6.666522835319500295e+00 1.984925290214143344e-16
7.064096181645590278e+00 1.668145668894751627e-16
7.485379724368441678e+00 1.401921779254802580e-16
7.931787475313465841e+00 1.178185291142879326e-16
8.404817774137397279e+00 9.901555220283273623e-17
8.906058317411504888e+00 8.321339375199711780e-17
9.437191487625703701e+00 6.993314484676321216e-17
1.000000000000000000e+01 5.877232697868143496e-17
