1.000000000000000021e-03 4.959367428156203370e-05
1.018591388054116949e-03 4.692737757388500597e-05
1.037528415818012636e-03 4.421793903379917157e-05
1.056817509213658478e-03 4.146183041413175387e-05
1.076465213629834933e-03 3.879614716510055992e-05
1.096478196143185150e-03 3.625945949904680325e-05
1.116863247780561100e-03 3.386699692018898931e-05
1.137627285823430891e-03 3.162305501446705414e-05
1.158777356155126165e-03 2.952600453752475272e-05
1.180320635651729714e-03 2.757088029047972984e-05
1.202264434617413003e-03 2.575087634848343429e-05
1.224616199265048892e-03 2.405825753751284640e-05
1.247383514242943279e-03 2.248492836484112790e-05
1.270574105208541974e-03 2.102278942928248232e-05
1.294195841449986232e-03 1.966395758934198987e-05
1.318256738556407509e-03 1.840089718050410723e-05
1.342764961137864156e-03 1.722649268579650212e-05
1.367728825595849410e-03 1.613408287711806948e-05
1.393156802945303557e-03 1.511746980819888276e-05
1.419057521689092577e-03 1.417091168436166418e-05
1.445439770745927987e-03 1.328910572116619068e-05
1.472312502432719271e-03 1.246716512995453653e-05
1.499684835502374143e-03 1.170059301860178909e-05
1.527566058238073168e-03 1.098525506777193780e-05
1.555965631605074964e-03 1.031735220315289288e-05
1.584893192461114082e-03 9.693394042948703587e-06
1.614358556826487028e-03 9.110173596462540100e-06
1.644371723214932326e-03 8.564743482088658409e-06
1.674942876026438250e-03 8.054393792475925630e-06
1.706082389003124242e-03 7.576631640836932096e-06
1.737800828749376265e-03 7.129162361213187620e-06
1.770108958317422000e-03 6.709872297029052069e-06
1.803017740859569947e-03 6.316813089474348368e-06
1.836538343348347339e-03 5.948187365212424724e-06
1.870682140365801695e-03 5.602335718137904477e-06
1.905460717963248195e-03 5.277724879958286943e-06
1.940885877592779312e-03 4.972936977529186427e-06
1.976969640111860081e-03 4.686659779936729772e-06
2.013724249862387447e-03 4.417677844463148891e-06
2.051162178825564637e-03 4.164864477226910307e-06
2.089296130854038577e-03 3.927174431073752389e-06
2.128139045982711374e-03 3.703637269961399318e-06
2.167704104819694055e-03 3.493351335468576988e-06
2.208004733018899008e-03 3.295478257075168082e-06
2.249054605835780311e-03 3.109237953455437069e-06
2.290867652767772378e-03 2.933904077180491550e-06
2.333458062281002030e-03 2.768799859940947390e-06
2.376840286624876033e-03 2.613294319689680769e-06
2.421029046736177751e-03 2.466798794989788816e-06
2.466039337234338710e-03 2.328763775360778052e-06
2.511886431509579437e-03 2.198675999575301903e-06
2.558585886905645219e-03 2.076055796698579061e-06
2.606153549998894894e-03 1.960454647211446983e-06
2.654605561975539006e-03 1.851452943843308603e-06
2.703958364108843566e-03 1.748657933788648299e-06
2.754228703338165978e-03 1.651701825814109574e-06
2.805433637951713129e-03 1.560240047404398317e-06
2.857590543374946730e-03 1.473949638564369421e-06
2.910717118066605269e-03 1.392527770209757280e-06
2.964831389524342272e-03 1.315690376256477962e-06
3.019951720402016138e-03 1.243170889572989813e-06
3.076096814740708011e-03 1.174719072905057135e-06
3.133285724315585784e-03 1.110099936729212094e-06
3.191537855100761399e-03 1.049092736750878989e-06
3.250872973854343657e-03 9.914900444448511627e-07
3.311311214825910908e-03 9.370968846480870562e-07
3.372873086588689100e-03 8.857299347649846803e-07
3.435579478998746286e-03 8.372167806401989311e-07
3.499451670283573214e-03 7.913952245994698788e-07
3.564511334262442620e-03 7.481126415602144539e-07
3.630780547701014001e-03 7.072253794754051098e-07
3.698281797802662786e-03 6.685982007007541425e-07
3.767037989839089156e-03 6.321037611700918788e-07
3.837072454922788207e-03 5.976221245304175399e-07
3.908408957924020856e-03 5.650403086293399624e-07
3.981071705534973415e-03 5.342518619660997173e-07
4.055085354483838923e-03 5.051564679154667513e-07
4.130475019901614850e-03 4.776595747135473246e-07
4.207266283844442178e-03 4.516720493578239221e-07
4.285485203974396737e-03 4.271098537222042332e-07
4.365158322401660983e-03 4.038937413229634093e-07
4.446312674691088596e-03 3.819489732945557429e-07
4.528975799036208914e-03 3.612050522465023512e-07
4.613175745603795459e-03 3.415954727750043632e-07
4.698941086052155734e-03 3.230574874965307918e-07
4.786300923226385375e-03 3.055318875562142164e-07
4.875284901033865269e-03 2.889627966422401198e-07
4.965923214503362680e-03 2.732974776091945646e-07
5.058246620031137293e-03 2.584861508791639154e-07
5.152286445817561532e-03 2.444818238498040403e-07
5.248074602497722861e-03 2.312401305941212902e-07
5.345643593969713440e-03 2.187191811877331625e-07
5.445026528424209283e-03 2.068794200463845274e-07
5.546257129579105008e-03 1.956834926997597562e-07
5.649369748123022304e-03 1.850961204675350459e-07
5.754399373371566623e-03 1.750839825404314740e-07
5.861381645140284653e-03 1.656156050030292962e-07
5.970352865838366233e-03 1.566612563665223311e-07
6.081350012787175956e-03 1.481928492086567632e-07
6.194410750767811655e-03 1.401838475449958286e-07
6.309573444801930275e-03 1.326091795805744946e-07
6.426877173170193573e-03 1.254451555141033146e-07
6.546361740672746767e-03 1.186693900883116822e-07
6.668067692136218742e-03 1.122607295999111228e-07
6.792036326171843434e-03 1.061991831011362888e-07
6.918309709189362708e-03 1.004658575419962843e-07
7.046930689671467365e-03 9.504289661834468513e-08
7.177942912713615280e-03 8.991342310574276432e-08
7.311390834834172354e-03 8.506148447293615292e-08
7.447319739059888796e-03 8.047200158166521223e-08
7.585775750291835935e-03 7.613072029155763296e-08
7.726805850957021646e-03 7.202416580006902013e-08
7.870457896950984814e-03 6.813959955790996483e-08
8.016780633876788992e-03 6.446497861017408166e-08
8.165823713585922128e-03 6.098891722251622466e-08
8.317637711026708985e-03 5.770065066026802154e-08
8.472274141405963452e-03 5.459000099636095930e-08
8.629785477669701596e-03 5.164734483139652349e-08
8.790225168308843026e-03 4.886358281619327085e-08
8.953647655495937385e-03 4.623011087368544083e-08
9.120108393559096804e-03 4.373879302317848316e-08
9.289663867799363706e-03 4.138193571571209780e-08
9.462371613657928962e-03 3.915226359466559506e-08
9.638290236239705627e-03 3.704289660079058584e-08
9.817479430199843246e-03 3.504732834559322246e-08
1.000000000000000021e-02 3.315940568143159978e-08
1.018591388054116906e-02 3.137330940086826348e-08
1.037528415818012723e-02 2.968353600173302673e-08
1.056817509213658565e-02 2.808488045803238578e-08
1.076465213629834890e-02 2.657241994029736200e-08
1.096478196143185063e-02 2.514149843221067112e-08
1.116863247780561230e-02 2.378771219340731285e-08
1.137627285823430978e-02 2.250689602121373592e-08
1.158777356155126122e-02 2.129511026679077647e-08
1.180320635651729844e-02 2.014862856368533647e-08
1.202264434617413176e-02 1.906392622918574854e-08
1.224616199265048978e-02 1.803766930112436469e-08
1.247383514242943192e-02 1.706670417488813158e-08
1.270574105208541887e-02 1.614804780739086416e-08
1.294195841449986319e-02 1.527887845663764051e-08
1.318256738556407466e-02 1.445652692727932944e-08
1.342764961137864199e-02 1.367846829422045648e-08
1.367728825595849497e-02 1.294231407791216855e-08
1.393156802945303557e-02 1.224580484644061446e-08
1.419057521689092577e-02 1.158680322091393988e-08
1.445439770745927249e-02 1.096328726196463490e-08
1.472312502432718620e-02 1.037334421642184813e-08
1.499684835502373276e-02 9.815164604375861609e-09
1.527566058238072344e-02 9.287036627957330723e-09
1.555965631605074270e-02 8.787340884192496450e-09
1.584893192461113431e-02 8.314545365274680964e-09
1.614358556826486074e-02 7.867200730516110276e-09
1.644371723214931372e-02 7.443935835115829271e-09
1.674942876026437252e-02 7.043453501701811190e-09
1.706082389003123548e-02 6.664526521381374819e-09
1.737800828749375484e-02 6.305993871766545662e-09
1.770108958317421002e-02 5.966757140132220952e-09
1.803017740859568993e-02 5.645777140517636389e-09
1.836538343348346342e-02 5.342070714197597500e-09
1.870682140365800480e-02 5.054707703531563152e-09
1.905460717963247327e-02 4.782808089747890157e-09
1.940885877592778141e-02 4.525539285738982570e-09
1.976969640111861035e-02 4.282113575432872004e-09
2.013724249862388488e-02 4.051785691769214588e-09
2.051162178825565591e-02 3.833850525744422550e-09
2.089296130854039618e-02 3.627640959403311438e-09
2.128139045982712155e-02 3.432525816044313047e-09
2.167704104819695096e-02 3.247907921273474378e-09
2.208004733018900309e-02 3.073222268890294445e-09
2.249054605835781526e-02 2.907934285917048687e-09
2.290867652767773419e-02 2.751538191393721778e-09
2.333458062281003331e-02 2.603555443854076431e-09
2.376840286624877160e-02 2.463533272675575206e-09
2.421029046736178705e-02 2.331043288757859499e-09
2.466039337234339837e-02 2.205680170232054674e-09
2.511886431509580825e-02 2.087060419137159049e-09
2.558585886905645132e-02 1.974821185220898392e-09
2.606153549998894980e-02 1.868619153231418951e-09
2.654605561975538833e-02 1.768129490263831714e-09
2.703958364108843479e-02 1.673044849912213534e-09
2.754228703338166065e-02 1.583074430154350124e-09
2.805433637951713216e-02 1.497943082063261592e-09
2.857590543374946557e-02 1.417390466597347291e-09
2.910717118066605269e-02 1.341170256870113121e-09
2.964831389524342359e-02 1.269049383441426835e-09
3.019951720402016052e-02 1.200807320305548696e-09
3.076096814740707924e-02 1.136235409377221323e-09
3.133285724315585524e-02 1.075136221396260180e-09
3.191537855100761573e-02 1.017322951283750880e-09
3.250872973854343484e-02 9.626188460895104541e-10
3.311311214825911342e-02 9.108566637711861090e-10
3.372873086588688840e-02 8.618781611406552829e-10
3.435579478998746633e-02 8.155336094034262045e-10
3.499451670283573040e-02 7.716813358019688902e-10
3.564511334262442793e-02 7.301872899544195181e-10
3.630780547701013827e-02 6.909246335563087496e-10
3.698281797802662613e-02 6.537733521849954584e-10
3.767037989839089329e-02 6.186198880146255018e-10
3.837072454922788034e-02 5.853567923138711936e-10
3.908408957924021376e-02 5.538823966596519473e-10
3.981071705534973415e-02 5.241005018576786357e-10
4.055085354483839444e-02 4.959200836151656988e-10
4.130475019901614503e-02 4.692550140626374967e-10
4.207266283844442178e-02 4.440237982705028627e-10
4.285485203974396390e-02 4.201493249522129320e-10
4.365158322401661156e-02 3.975586305894381179e-10
4.446312674691088596e-02 3.761826762559754935e-10
4.528975799036209088e-02 3.559561364561271614e-10
4.613175745603795286e-02 3.368171993302169872e-10
4.698941086052153132e-02 3.187073776148384461e-10
4.786300923226382426e-02 3.015713297784612870e-10
4.875284901033862667e-02 2.853566907842847057e-10
4.965923214503360078e-02 2.700139119617723808e-10
5.058246620031139895e-02 2.554961094962824076e-10
5.152286445817564481e-02 2.417589210726542634e-10
5.248074602497725810e-02 2.287603702336366864e-10
5.345643593969716389e-02 2.164607380377157080e-10
5.445026528424212059e-02 2.048224416232974490e-10
5.546257129579107437e-02 1.938099193073823957e-10
5.649369748123025253e-02 1.833895218669114424e-10
5.754399373371569398e-02 1.735294096699236863e-10
5.861381645140287949e-02 1.641994553416004556e-10
5.970352865838369355e-02 1.553711516672407443e-10
6.081350012787179599e-02 1.470175244502639974e-10
6.194410750767814777e-02 1.391130500585250071e-10
6.309573444801933051e-02 1.316335774065916657e-10
6.426877173170197910e-02 1.245562541352298938e-10
6.546361740672750062e-02 1.178594567621996204e-10
6.668067692136221691e-02 1.115227245906308441e-10
6.792036326171846383e-02 1.055266971727616948e-10
6.918309709189365830e-02 9.985305513770637455e-11
7.046930689671471182e-02 9.448446420222642595e-11
7.177942912713618229e-02 8.940452219322575516e-11
7.311390834834176344e-02 8.459770891990910278e-11
7.447319739059891919e-02 8.004933874227375701e-11
7.585775750291839925e-02 7.574551569085294923e-11
7.726805850957024768e-02 7.167309100044537584e-11
7.870457896950988630e-02 6.781962292794944115e-11
8.016780633876793849e-02 6.417333873141616591e-11
8.165823713585926291e-02 6.072309869404599927e-11
8.317637711026708291e-02 5.745836208311526212e-11
8.472274141405963799e-02 5.436915493973742909e-11
8.629785477669701943e-02 5.144603960096910241e-11
8.790225168308841985e-02 4.868008586106710433e-11
8.953647655495937385e-02 4.606284368372300220e-11
9.120108393559096804e-02 4.358631738184255366e-11
9.289663867799362318e-02 4.124294118592926625e-11
9.462371613657930003e-02 3.902555612637815333e-11
9.638290236239704933e-02 3.692738815900546522e-11
9.817479430199843593e-02 3.494202746694214856e-11
1.000000000000000056e-01 3.306340887561782408e-11
1.018591388054116975e-01 3.128579332096546859e-11
1.037528415818012584e-01 2.960375031419859714e-11
1.056817509213658496e-01 2.801214134956036219e-11
1.076465213629834994e-01 2.650610420432761259e-11
1.096478196143185063e-01 2.508103808308131025e-11
1.116863247780561230e-01 2.373258956083641065e-11
1.137627285823430978e-01 2.245663928206726506e-11
1.158777356155126226e-01 2.124928937497511215e-11
1.180320635651729844e-01 2.010685154253191513e-11
1.202264434617413141e-01 1.902583579390326332e-11
1.224616199265048944e-01 1.800293978181144208e-11
1.247383514242943192e-01 1.703503871325172638e-11
1.270574105208542026e-01 1.611917580272823955e-11
1.294195841449986284e-01 1.525255323883391590e-11
1.318256738556407293e-01 1.443252363656826228e-11
1.342764961137864199e-01 1.365658194927193472e-11
1.367728825595849462e-01 1.292235781546152735e-11
1.393156802945303419e-01 1.222760831717755578e-11
1.419057521689092716e-01 1.157021112771659853e-11
1.445439770745927943e-01 1.094815802780857600e-11
1.472312502432719383e-01 1.035954877042613946e-11
1.499684835502373970e-01 9.802585275479128048e-12
1.527566058238073177e-01 9.275566136654859732e-12
1.555965631605074895e-01 8.776881423619344755e-12
1.584893192461114264e-01 8.305007763696959317e-12
1.614358556826487046e-01 7.858503688000520401e-12
1.644371723214932413e-01 7.436005227791567362e-12
1.674942876026438154e-01 7.036221747615730121e-12
1.706082389003124311e-01 6.657932002481356478e-12
1.737800828749376247e-01 6.299980407034398263e-12
1.770108958317422043e-01 5.961273505330399228e-12
1.803017740859569895e-01 5.640776630417330427e-12
1.836538343348347313e-01 5.337510743523159216e-12
1.870682140365801660e-01 5.050549443190789155e-12
1.905460717963248229e-01 4.779016135222418524e-12
1.940885877592779252e-01 4.522081354786596558e-12
1.976969640111861937e-01 4.278960232506424451e-12
2.013724249862389459e-01 4.048910096787106119e-12
2.051162178825564619e-01 3.831228205057490706e-12
2.089296130854038647e-01 3.625249596994010607e-12
2.128139045982711253e-01 3.427201830628863923e-12
2.167704104819694055e-01 3.226462524547958528e-12
2.208004733018899268e-01 3.031740805835397958e-12
2.249054605835780485e-01 2.845827523700426947e-12
2.290867652767772378e-01 2.669715647094873401e-12
2.333458062281001943e-01 2.503684592043384747e-12
2.376840286624875842e-01 2.347646025454890495e-12
2.421029046736177526e-01 2.201306511042724294e-12
2.466039337234338658e-01 2.064257461475876570e-12
2.511886431509579576e-01 1.936029108948057444e-12
2.558585886905645479e-01 1.816124263325919422e-12
2.606153549998895258e-01 1.704039805932548807e-12
2.654605561975538763e-01 1.599280375030583510e-12
2.703958364108843271e-01 1.501366929403100309e-12
2.754228703338166273e-01 1.409841892625006964e-12
2.805433637951713077e-01 1.324271995095043649e-12
2.857590543374946557e-01 1.244249564444152547e-12
2.910717118066605269e-01 1.169392776921231092e-12
2.964831389524342220e-01 1.099345223476523775e-12
3.019951720402015982e-01 1.033775036045165024e-12
3.076096814740708063e-01 9.723737447251699752e-13
3.133285724315585385e-01 9.148549842764233697e-13
3.191537855100761711e-01 8.609531315770588252e-13
3.250872973854344039e-01 8.104219296566853485e-13
3.311311214825911065e-01 7.630331354864071442e-13
3.372873086588689118e-01 7.185752156382626763e-13
3.435579478998746494e-01 6.768521046904722179e-13
3.499451670283573179e-01 6.376820347619852496e-13
3.564511334262442932e-01 6.008964400362146771e-13
3.630780547701014105e-01 5.663389370252629324e-13
3.698281797802662751e-01 5.338643792334206194e-13
3.767037989839089329e-01 5.033379835140780537e-13
3.837072454922788589e-01 4.746345245686990773e-13
3.908408957924021099e-01 4.476375935587049144e-13
3.981071705534973137e-01 4.222389165811353703e-13
4.055085354483839444e-01 3.983377287170479583e-13
4.130475019901614364e-01 3.758401994401152559e-13
4.207266283844441901e-01 3.546589053301396665e-13
4.285485203974396251e-01 3.347123462423981636e-13
4.365158322401661017e-01 3.159245013175511455e-13
4.446312674691088040e-01 2.982244214633951428e-13
4.528975799036208949e-01 2.815458551885628658e-13
4.613175745603795286e-01 2.658269049124022192e-13
4.698941086052155769e-01 2.510097111100327329e-13
4.786300923226385340e-01 2.370401618741555833e-13
4.875284901033865026e-01 2.238676256839372567e-13
4.965923214503362715e-01 2.114447053654623044e-13
5.058246620031142671e-01 1.997270114077400001e-13
5.152286445817566563e-01 1.886729529633274696e-13
5.248074602497728725e-01 1.782435450138747052e-13
5.345643593969718887e-01 1.684022303190287637e-13
5.445026528424214973e-01 1.591147148929839183e-13
5.546257129579110767e-01 1.503488158674175200e-13
5.649369748123028723e-01 1.420743207034603627e-13
5.754399373371572590e-01 1.342628568096108159e-13
5.861381645140291141e-01 1.268877707079113693e-13
5.970352865838371992e-01 1.199240159680660441e-13
6.081350012787182235e-01 1.133480491992108256e-13
6.194410750767818108e-01 1.071377334524431410e-13
6.309573444801935826e-01 1.012722484445915865e-13
6.426877173170200130e-01 9.573200706563944775e-14
6.546361740672747009e-01 9.049857767923698516e-14
6.668067692136219193e-01 8.555461176831005181e-14
6.792036326171843053e-01 8.088377651635292572e-14
6.918309709189363055e-01 7.647069194994039189e-14
7.046930689671466741e-01 7.230087229970469086e-14
7.177942912713615176e-01 6.836067126577573103e-14
7.311390834834172736e-01 6.463723089979558364e-14
7.447319739059888866e-01 6.111843383933644841e-14
7.585775750291835484e-01 5.779285865211238685e-14
7.726805850957021438e-01 5.464973806699118116e-14
7.870457896950984189e-01 5.167891988666978034e-14
8.016780633876789963e-01 4.887083039314664122e-14
8.165823713585922405e-01 4.621644007196085857e-14
8.317637711026708569e-01 4.370723149470598658e-14
8.472274141405963244e-01 4.133516921169227788e-14
8.629785477669701388e-01 3.909267151793385889e-14
8.790225168308842818e-01 3.697258396597788798e-14
8.953647655495937663e-01 3.496815450856212195e-14
9.120108393559096527e-01 3.307301016276311366e-14
9.289663867799362595e-01 3.128113509525704737e-14
9.462371613657929448e-01 2.958685003562089027e-14
9.638290236239704933e-01 2.798479293131340723e-14
9.817479430199843593e-01 2.646990076414915466e-14
1.000000000000000000e+00 2.503739245375810882e-14
1.018591388054116864e+00 2.368275277875637617e-14
1.037528415818012695e+00 2.240171725117643101e-14
1.056817509213658468e+00 2.119025788415550478e-14
1.076465213629834938e+00 2.004456979698866536e-14
1.096478196143185091e+00 1.896105860545056890e-14
1.116863247780561119e+00 1.793632854879994414e-14
1.137627285823431089e+00 1.696717130813040805e-14
1.158777356155126226e+00 1.605055547374043236e-14
1.180320635651729733e+00 1.518361662198397908e-14
1.202264434617413169e+00 1.436364796465033600e-14
1.224616199265048833e+00 1.358809153632240619e-14
1.247383514242943248e+00 1.285452988739210815e-14
1.270574105208541971e+00 1.216067825248439726e-14
1.294195841449986339e+00 1.150437716596793855e-14
1.318256738556407459e+00 1.088358549802405000e-14
1.342764961137864255e+00 1.029637388641513738e-14
1.367728825595849518e+00 9.740918540649492842e-15
1.393156802945303641e+00 9.215495396689353518e-15
1.419057521689092605e+00 8.718474601701840996e-15
1.445439770745927888e+00 8.248315309614376338e-15
1.472312502432719272e+00 7.803560769414925529e-15
1.499684835502373970e+00 7.382833689238159384e-15
1.527566058238073232e+00 6.984831860307686523e-15
1.555965631605074950e+00 6.608324025766606479e-15
1.584893192461114042e+00 6.252145980328710028e-15
1.614358556826486879e+00 5.915196887524977430e-15
1.644371723214932413e+00 5.596435802108797019e-15
1.674942876026438210e+00 5.294878385921951266e-15
1.706082389003124256e+00 5.009593806215801423e-15
1.737800828749376247e+00 4.739701806070866604e-15
1.770108958317422099e+00 4.484369937166589858e-15
1.803017740859569784e+00 4.242810945723814431e-15
1.836538343348347313e+00 4.014280302978164653e-15
1.870682140365801605e+00 3.798073872045353722e-15
1.905460717963248340e+00 3.593525703511460318e-15
1.940885877592779307e+00 3.400005952524751833e-15
1.976969640111861937e+00 3.216918910582202243e-15
2.013724249862389293e+00 3.043701145595403741e-15
2.051162178825566951e+00 2.879819744188657319e-15
2.089296130854040978e+00 2.724770650528101927e-15
2.128139045982713196e+00 2.578077096306229025e-15
2.167704104819693889e+00 2.439288116812398253e-15
2.208004733018899213e+00 2.307977148308021750e-15
2.249054605835780318e+00 2.183740702196415295e-15
2.290867652767772267e+00 2.066197111732350042e-15
2.333458062281001943e+00 1.954985347256965259e-15
2.376840286624875898e+00 1.849763896169881112e-15
2.421029046736177470e+00 1.750209704063609828e-15
2.466039337234338547e+00 1.656017173646219583e-15
2.511886431509579687e+00 1.566897218267448645e-15
2.558585886905645257e+00 1.482576367041823854e-15
2.606153549998894814e+00 1.402795918730423807e-15
2.654605561975539096e+00 1.327311141701415652e-15
2.703958364108843160e+00 1.255890517438889595e-15
2.754228703338166273e+00 1.188315025210374273e-15
2.805433637951713077e+00 1.124377465636336427e-15
2.857590543374946446e+00 1.063881821030215178e-15
2.910717118066604936e+00 1.006642650495813713e-15
2.964831389524342331e+00 9.524845178803607465e-16
3.019951720402016093e+00 9.012414507867954333e-16
3.076096814740707952e+00 8.527564289481315164e-16
3.133285724315585608e+00 8.068809003604617511e-16
3.191537855100761600e+00 7.634743236596140625e-16
3.250872973854343595e+00 7.224037353099621677e-16
3.311311214825911176e+00 6.835433402527046392e-16
3.372873086588688896e+00 6.467741247353420995e-16
3.435579478998746605e+00 6.119834901143288216e-16
3.499451670283573179e+00 5.790649064892236378e-16
3.564511334262442599e+00 5.479175850893065270e-16
3.630780547701013994e+00 5.184461683927935003e-16
3.698281797802662751e+00 4.905604370146623486e-16
3.767037989839089107e+00 4.641750324518796703e-16
3.837072454922788367e+00 4.392091948246773289e-16
3.908408957924021099e+00 4.155865147996274572e-16
3.981071705534973137e+00 3.932346989247524850e-16
4.055085354483838778e+00 3.720853476489536993e-16
4.130475019901614253e+00 3.520737453377524590e-16
4.207266283844441901e+00 3.331386616348755920e-16
4.285485203974396029e+00 3.152221635546740240e-16
4.365158322401661017e+00 2.982694377238801210e-16
4.446312674691088596e+00 2.822286222228818457e-16
4.528975799036208727e+00 2.670506475066175100e-16
4.613175745603795619e+00 2.526890859134910055e-16
4.698941086052156102e+00 2.391000092974407522e-16
4.786300923226384896e+00 2.262418543435693810e-16
4.875284901033865026e+00 2.140752951516322832e-16
4.965923214503362715e+00 2.025631226942623097e-16
5.058246620031142449e+00 1.916701307781570910e-16
5.152286445817567007e+00 1.813630081566344843e-16
5.248074602497728058e+00 1.716102364610409493e-16
5.345643593969719554e+00 1.623819936365339933e-16
5.445026528424214085e+00 1.536500625848141885e-16
5.546257129579109879e+00 1.453877447325014022e-16
5.649369748123028501e+00 1.375697782591013500e-16
5.754399373371572146e+00 1.301722607329152501e-16
5.861381645140290253e+00 1.231725759168798587e-16
5.970352865838371770e+00 1.165493245192111089e-16
6.081350012787182457e+00 1.102822586759111471e-16
6.194410750767818108e+00 1.043522199637231261e-16
6.309573444801936049e+00 9.874108075301573713e-17
6.426877173170200130e+00 9.343168872038550911e-17
6.546361740672753449e+00 8.840781435051055517e-17
6.668067692136225411e+00 8.365410126600688966e-17
6.792036326171849936e+00 7.915601923275513111e-17
6.918309709189363055e+00 7.489981969640952048e-17
7.046930689671467185e+00 7.087249371359696635e-17
7.177942912713614732e+00 6.706173214869202011e-17
7.311390834834172736e+00 6.345588801402138435e-17
7.447319739059888200e+00 6.004394083795508780e-17
7.585775750291835706e+00 5.681546295157669059e-17
7.726805850957020994e+00 5.376058759052824411e-17
7.870457896950984633e+00 5.086997871420648922e-17
8.016780633876789963e+00 4.813480244976789225e-17
8.165823713585922405e+00 4.554670007339358916e-17
8.317637711026709013e+00 4.309776244598930324e-17
8.472274141405963022e+00 4.078050582496460544e-17
8.629785477669701166e+00 3.858784897796181442e-17
8.790225168308841930e+00 3.651309152840397591e-17
8.953647655495936775e+00 3.454989346651331437e-17
9.120108393559096527e+00 3.269225576302951482e-17
9.289663867799362151e+00 3.093450202624181270e-17
9.462371613657929004e+00 2.927126114615057875e-17
9.638290236239704711e+00 2.769745087260283723e-17
9.817479430199844259e+00 2.620826227711177627e-17
1.000000000000000000e+01 2.479914505078003382e-17
