# Lines from fig 4.56 2203.05090
# m_aprime [GeV] (dark photon)    Gaggprime (photon - dark photon - axion) [1/GeV]
0.000785162 0.046327462087080724
0.000807974 0.008918884893898903
0.000882146 0.0022596296621344948
0.00105245 0.000727967182373061
0.00125593 0.00036641661242266526
0.00161366 0.0002115757253781502
0.00236775 0.00011406249238513227
0.00357832 0.00006149217801737427
0.00487752 0.000040732201937673705
0.00715738 0.00002519081601757147
0.0123537 0.00001405484585709216
0.024352 0.000007841694843423479
0.0368066 0.000005194311019617668
0.0598942 0.0000036851878219764533
0.118076 0.0000024410554217251815
0.151752 0.0000024410554217251815
0.175908 0.000002999291201752707
0.192236 0.000004375158478621455
0.195138 0.000006605044933079798
0.181315 0.000012251767812972985
0.156485 0.00002272593389807714
0.123617 0.00004672671147487545
0.0782776 0.00015534752835119132
0.0447044 0.000572484819653951
0.025158 0.002338536212406835
0.0171478 0.005515881237844426
0.0118612 0.011737219254280177
0.0085757 0.024132854564824044
0.00601992 0.04961947603002898
0.00354059 0.14882325789244527
0.00131834 0.9829843054669216