# Lines from fig 4.56 2203.05090
# m_a [GeV] (dark photon)    Gaggprime (photon - dark photon - axion) [1/GeV]
0.0010047233702212893 0.0089189
0.002363971844749768 0.0037813
0.003790242396477345 0.0024202
0.006639407427387629 0.00139747
0.013882476703204446 0.000656738
0.017839291739365982 0.000499043
0.02696306326783701 0.000330564
0.03841879305358662 0.000242714
0.060696843890428044 0.000160773
0.09732281987114974 0.000114063
0.14284774450616547    0.00008374933484423558
0.24301588082470707    0.00008092347691434754
0.5636523312009735    0.00007819296867356103
0.9039398085061324    0.00007819296867356103
1.4712211994204991    0.00007819296867356103
2.005826472816915    0.00007819296867356103
2.734744178291097    0.00008092347691434754
3.728619076521813    0.00008667387208628936
5.084066003623995    0.00010649499378696003
6.831058047300781    0.00014504096588315607
8.036602049127843    0.0001975386920666194
9.181046357921414    0.0003421066298607116
9.743352008537578    0.000727967182373061
10.190277642582124    0.0021097140856551305
10.356224709714931    0.02865120269663776
