# Lines from fig 4.56 2203.05090
# m_aprime [GeV] (dark photon)    Gaggprime (photon - dark photon - axion) [1/GeV]
0.000760912 0.0014462669012421543
0.000843643 0.0011770839918697259
0.00103716 0.0009256773287587004
0.00147771 0.00059247606112115
0.00216858 0.0004203417078819705
0.0036885 0.0002784328654522126
0.00600173 0.00017219670808821735
0.00855183 0.00013084893323323302
0.0139161 0.00009283288841360396
0.0178832 0.00007555459284647313
0.024381 0.00007300524071452168
0.0258672 0.00009283288841360396
0.025871 0.00012216773489967905
0.0243927 0.000178209838660534
0.0216799 0.0002511886431509577
0.0195557 0.00036641661242266526
0.0141399 0.0008642630834510608
0.00992711 0.0022596296621344948
0.00592596 0.00804618589576145
0.00403908 0.01833808735798968
0.00300766 0.03520333844240501
0.00135652 0.1593985887641424
0.000774609 0.4619513847492704